1,63914205,63913976,63915528,63915249,3044,0,355
0,-0.154785,21,355.385742
1,63913927,63914239,63915265,63915521,3073,1,355
0,-0.188965,12,355.363770
1,63914144,63914044,63915460,63915329,3050,2,355
0,-0.283691,33,355.451660
1,63914235,63913945,63915559,63915229,3059,3,355
0,-0.472656,22,355.341797
1,63913892,63914296,63915208,63915583,3053,4,355
0,-0.484375,26,355.341797
1,63914037,63914145,63915359,63915424,3050,5,355
0,-0.355957,16,355.385742
1,63914319,63914363,63915653,63915648,3071,6,355
0,-0.220215,20,355.451660
1,63913981,63914193,63915311,63915467,3054,7,355
0,-0.458984,18,355.341797
1,63914172,63914021,63915483,63915293,3029,8,355
0,-0.564453,32,355.495605
1,63914308,63914378,63915638,63915662,3066,9,355
0,-0.177246,8,355.341797
1,63913962,63914231,63915273,63915508,3035,10,355
0,-0.031250,18,355.363770
1,63914186,63913990,63915514,63915271,3060,11,355
0,-0.428711,11,355.407715
1,63913887,63914298,63915206,63915578,3048,12,355
0,-0.257324,25,355.429688
1,63914017,63914169,63915335,63915443,3040,13,355
0,-0.177246,20,355.429688
1,63914263,63913914,63915590,63915210,3076,14,355
0,-0.303223,23,355.363770
1,63913912,63914271,63915233,63915543,3041,15,355
0,-0.244629,20,355.341797
1,63914175,63914004,63915500,63915273,3042,16,355
0,-0.267090,42,355.385742
1,63914333,63914364,63915652,63915654,3060,17,355
0,-0.467773,21,355.341797
1,63914008,63914173,63915331,63915457,3057,18,355
0,-0.136230,25,355.341797
1,63914362,63914344,63915672,63915603,3013,19,355
0,-0.137207,15,355.363770
1,63913995,63914191,63915313,63915468,3043,20,355
0,-0.294434,15,355.451660
1,63914367,63914338,63915678,63915595,3012,21,355
0,-0.367676,32,355.429688
1,63914072,63914106,63915398,63915401,3074,22,355
0,-0.467773,17,355.429688
1,63914371,63914324,63915692,63915603,3049,23,355
0,-0.228027,14,355.297852
1,63914155,63914029,63915475,63915293,3030,24,355
0,-0.144043,11,355.385742
1,63913920,63914278,63915226,63915538,3009,25,355
0,-0.115723,12,355.429688
1,63914237,63913963,63915541,63915227,3012,26,355
0,-0.196777,16,355.319824
1,63914087,63914094,63915410,63915388,3069,27,355
0,-0.231934,24,355.407715
1,63914289,63913893,63915611,63915174,3053,28,355
0,-0.464844,28,355.341797
1,63914047,63914126,63915378,63915403,3059,29,355
0,-0.363770,9,355.451660
1,63913945,63914252,63915252,63915522,3022,30,355
0,-0.224121,10,355.385742
1,63914200,63913981,63915523,63915260,3051,31,355
0,-0.204590,12,355.451660
1,63913923,63914247,63915257,63915532,3071,32,355
0,-0.345215,11,355.495605
1,63914218,63913972,63915532,63915236,3023,33,355
0,-0.212402,11,355.385742
1,63913900,63914286,63915218,63915566,3047,34,355
0,-0.143066,25,355.473633
1,63914224,63913973,63915531,63915238,3016,35,355
0,-0.169434,13,355.385742
1,63914017,63914171,63915333,63915445,3037,36,355
0,-0.255371,14,355.429688
1,63913908,63914266,63915238,63915545,3060,37,355
0,-0.293457,13,355.363770
1,63914321,63914359,63915657,63915654,3085,38,355
0,-0.344238,17,355.363770
1,63914079,63914100,63915404,63915392,3069,39,355
0,-0.285645,20,355.407715
1,63913989,63914196,63915308,63915473,3044,40,355
0,-0.480469,16,355.407715
1,63914307,63913905,63915599,63915165,2993,41,355
0,-0.293457,10,355.363770
1,63914183,63913996,63915508,63915277,3056,42,355
0,-0.349121,23,355.319824
1,63913901,63914289,63915215,63915568,3041,43,355
0,-0.402344,31,355.473633
1,63914254,63913938,63915566,63915207,3027,44,355
0,-0.527344,10,355.429688
1,63914059,63914100,63915404,63915397,3098,45,355
0,-0.388672,8,355.363770
1,63914063,63914099,63915405,63915392,3090,46,355
0,-0.281738,15,355.451660
1,63913996,63914170,63915334,63915464,3087,47,355
0,-0.316895,14,355.407715
1,63914041,63914121,63915383,63915405,3080,48,355
0,-0.462891,30,355.319824
1,63914046,63914130,63915374,63915417,3067,49,355
0,-0.289551,12,355.407715
1,63913994,63914168,63915336,63915464,3094,50,355
0,-0.580078,25,355.407715
1,63914250,63913927,63915577,63915205,3055,51,355
0,-0.288574,15,355.341797
1,63914038,63914140,63915364,63915401,3034,52,355
0,-0.437500,27,355.451660
1,63914087,63914097,63915407,63915357,3026,53,355
0,-0.224121,9,355.451660
1,63914374,63914309,63915707,63915584,3059,54,355
0,-0.178223,13,355.429688
1,63913905,63914276,63915228,63915558,3055,55,355
0,-0.228027,23,355.429688
1,63914028,63914148,63915356,63915437,3069,56,355
0,-0.151855,22,355.319824
1,63914016,63914161,63915343,63915450,3068,57,355
0,-0.196777,16,355.363770
1,63914168,63914024,63915480,63915287,3020,58,355
0,-0.202637,15,355.341797
1,63914365,63914334,63915682,63915593,3021,59,355
0,-0.217285,31,355.407715
1,63913986,63914186,63915318,63915466,3063,60,355
0,-0.340332,14,355.451660
1,63914171,63914019,63915485,63915292,3034,61,355
0,-0.188965,12,355.451660
1,63914047,63914145,63915359,63915389,2998,62,355
0,-0.182129,23,355.429688
1,63914111,63914090,63915414,63915354,3010,63,355
0,-0.154785,10,355.341797
1,63914191,63913999,63915505,63915264,3024,64,355
0,-0.146973,19,355.297852
1,63914295,63913894,63915610,63915159,3026,65,355
0,-0.208496,12,355.407715
1,63913949,63914229,63915275,63915513,3061,66,355
0,-0.333496,25,355.451660
1,63914294,63913882,63915622,63915162,3059,67,355
0,-0.124512,12,355.429688
1,63914087,63914103,63915401,63915366,3022,68,355
0,-0.127441,17,355.341797
1,63914297,63913898,63915606,63915155,3009,69,355
0,-0.480469,32,355.407715
1,63914311,63914369,63915647,63915654,3074,70,355
0,-0.498047,26,355.451660
1,63914344,63914359,63915657,63915621,3020,71,355
0,-0.108887,12,355.429688
1,63914033,63914152,63915352,63915426,3041,72,355
0,-0.235840,17,355.407715
1,63914173,63914014,63915490,63915281,3030,73,355
0,-0.544922,18,355.363770
1,63914295,63913880,63915624,63915162,3062,74,355
0,-0.354004,26,355.429688
1,63913965,63914223,63915281,63915487,3026,75,355
0,-0.527344,13,355.407715
1,63914056,63914115,63915389,63915403,3074,76,355
0,-0.608398,22,355.429688
1,63914189,63913982,63915522,63915270,3074,77,355
0,-0.297363,19,355.363770
1,63913950,63914237,63915267,63915524,3054,78,355
0,-0.498047,35,355.473633
1,63914000,63914176,63915328,63915466,3070,79,355
0,-0.445312,26,355.363770
1,63914006,63914172,63915332,63915466,3073,80,355
0,-0.472656,33,355.319824
1,63914036,63914169,63915335,63915442,3016,81,355
0,-0.285645,23,355.429688
1,63914150,63914031,63915473,63915317,3060,82,355
0,-0.208496,20,355.407715
1,63914290,63913893,63915611,63915160,3035,83,355
0,-0.328613,11,355.407715
1,63914368,63914313,63915703,63915596,3070,84,355
0,-0.442383,24,355.341797
1,63913989,63914174,63915330,63915467,3089,85,355
0,-0.096191,20,355.319824
1,63913969,63914214,63915290,63915483,3037,86,355
0,-0.320801,17,355.407715
1,63914216,63913978,63915526,63915259,3039,87,355
0,-0.349121,22,355.451660
1,63914207,63913989,63915515,63915257,3021,88,355
0,-0.355957,14,355.517578
1,63914237,63913959,63915545,63915219,3012,89,355
0,-0.210449,14,355.407715
1,63914373,63914312,63915704,63915587,3056,90,355
0,-0.321777,18,355.407715
1,63913928,63914255,63915249,63915528,3042,91,355
0,-0.334473,19,355.341797
1,63913932,63914256,63915248,63915523,3029,92,355
0,-0.316895,15,355.451660
1,63914141,63914041,63915463,63915314,3043,93,355
0,-0.338379,20,355.363770
1,63914208,63913975,63915529,63915252,3047,94,355
0,-0.251465,19,355.385742
1,63914300,63913880,63915624,63915158,3051,95,355
0,-0.505859,20,355.495605
1,63913916,63914259,63915245,63915540,3061,96,355
0,-0.308105,14,355.429688
1,63913974,63914215,63915289,63915486,3033,97,355
0,-0.543945,18,355.495605
1,63914288,63913900,63915604,63915175,3039,98,355
0,-0.413086,20,355.363770
1,63914232,63913952,63915552,63915218,3033,99,355
0,-0.316895,9,355.407715
1,63914260,63913916,63915588,63915212,3077,100,355
0,-0.350098,27,355.385742
1,63914361,63914319,63915697,63915597,3066,101,355
0,-0.408203,11,355.495605
1,63913908,63914271,63915233,63915532,3033,102,355
0,-0.316895,23,355.429688
1,63914048,63914120,63915384,63915401,3069,103,355
0,-0.189941,9,355.363770
1,63914043,63914132,63915372,63915393,3037,104,355
0,-0.255371,22,355.429688
1,63914208,63913974,63915530,63915251,3048,105,355
0,-0.515625,12,355.319824
1,63914340,63914355,63915661,63915633,3048,106,355
0,-0.334473,23,355.429688
1,63913962,63914237,63915267,63915502,3014,107,355
0,-0.155762,24,355.407715
1,63914120,63914040,63915464,63915332,3091,108,355
0,-0.309082,17,355.429688
1,63914237,63913954,63915550,63915223,3028,109,355
0,0.046875,13,355.385742
1,63913910,63914276,63915228,63915552,3042,110,355
0,-0.251465,18,355.429688
1,63914358,63914323,63915693,63915617,3083,111,355
0,-0.247559,25,355.341797
1,63913907,63914290,63915214,63915550,3010,112,355
0,-0.188965,14,355.363770
1,63913978,63914195,63915309,63915468,3054,113,355
0,-0.151855,9,355.407715
1,63914149,63914033,63915471,63915303,3040,114,355
0,-0.243652,19,355.385742
1,63914233,63913964,63915540,63915229,3016,115,355
0,-0.139160,16,355.407715
1,63914343,63914354,63915662,63915630,3043,116,355
0,-0.204590,19,355.385742
1,63914035,63914163,63915341,63915421,3007,117,355
0,-0.143066,12,355.495605
1,63914168,63914011,63915493,63915290,3054,118,355
0,-0.154785,16,355.429688
1,63914210,63913976,63915528,63915246,3035,119,355
0,-0.192871,22,355.429688
1,63914351,63914356,63915660,63915613,3009,120,355
0,-0.101074,11,355.407715
1,63914030,63914155,63915349,63915429,3041,121,355
0,-0.301270,19,355.385742
1,63914171,63914005,63915499,63915276,3048,122,355
0,-0.428711,13,355.363770
1,63914297,63913880,63915624,63915155,3051,123,355
0,-0.424805,12,355.451660
1,63913911,63914262,63915242,63915537,3056,124,355
0,-0.239746,15,355.473633
1,63913928,63914238,63915266,63915524,3077,125,355
0,-0.259277,16,355.473633
1,63914034,63914149,63915355,63915433,3055,126,355
0,-0.173340,21,355.451660
1,63914150,63914041,63915463,63915318,3037,127,355
0,-0.396484,20,355.495605
1,63913897,63914298,63915206,63915569,3026,128,355
0,-0.235840,24,355.429688
1,63913974,63914231,63915273,63915494,3005,129,355
0,-0.604492,18,355.341797
1,63914031,63914153,63915351,63915427,3042,130,355
0,-0.338379,28,355.473633
1,63914241,63913922,63915582,63915211,3084,131,355
0,-0.303223,27,355.341797
1,63913957,63914227,63915277,63915502,3043,132,355
0,-0.316895,19,355.363770
1,63914016,63914171,63915333,63915454,3049,133,355
0,-0.364746,24,355.407715
1,63914034,63914153,63915351,63915416,3026,134,355
0,-0.289551,14,355.385742
1,63914222,63913965,63915539,63915238,3037,135,355
0,-0.003906,16,355.341797
1,63914289,63913909,63915595,63915170,3010,136,355
0,-0.541016,17,355.407715
1,63913929,63914267,63915237,63915527,3012,137,355
0,-0.404297,13,355.473633
1,63914184,63914001,63915503,63915268,3033,138,355
0,-0.348145,14,355.429688
1,63914299,63913902,63915602,63915157,3000,139,355
0,-0.208496,9,355.385742
1,63914034,63914144,63915360,63915420,3051,140,355
0,-0.116699,16,355.363770
1,63914295,63913879,63915625,63915153,3054,141,355
0,-0.243652,13,355.407715
1,63913876,63914297,63915207,63915579,3064,142,355
0,-0.316895,30,355.407715
1,63914109,63914045,63915459,63915340,3102,143,355
0,-0.348145,11,355.451660
1,63914301,63913887,63915617,63915155,3030,144,355
0,-0.280762,11,355.363770
1,63913914,63914287,63915217,63915554,3014,145,355
0,-0.320801,16,355.363770
1,63913998,63914182,63915322,63915459,3050,146,355
0,-0.367676,20,355.473633
1,63914083,63914099,63915405,63915384,3057,147,355
0,-0.147949,26,355.451660
1,63914207,63913991,63915513,63915251,3009,148,355
0,-0.101074,18,355.341797
1,63914352,63914356,63915660,63915623,3020,149,355
0,-0.301270,18,355.363770
1,63914080,63914108,63915396,63915397,3055,150,355
0,-0.464844,30,355.363770
1,63914154,63914033,63915471,63915307,3039,151,355
0,-0.301270,23,355.341797
1,63914311,63914373,63915643,63915655,3066,152,355
0,-0.421875,18,355.407715
1,63914038,63914132,63915372,63915412,3066,153,355
0,-0.255371,11,355.407715
1,63914118,63914044,63915460,63915333,3085,154,355
0,-0.349121,28,355.407715
1,63914301,63913890,63915614,63915148,3015,155,355
0,-0.192871,5,355.429688
1,63913998,63914173,63915331,63915459,3071,156,355
0,-0.263184,8,355.495605
1,63914051,63914124,63915380,63915387,3040,157,355
0,-0.147949,21,355.341797
1,63914262,63913918,63915586,63915192,3047,158,355
0,-0.150879,11,355.363770
1,63914274,63913909,63915595,63915191,3053,159,355
0,-0.089355,17,355.385742
1,63913927,63914264,63915240,63915533,3028,160,355
0,-0.369629,26,355.385742
1,63914060,63914159,63915345,63915419,2985,161,355
0,-0.015625,13,355.341797
1,63914117,63914039,63915465,63915333,3098,162,355
0,-0.281738,16,355.385742
1,63914288,63913892,63915612,63915170,3051,163,355
0,-0.290527,25,355.473633
1,63913969,63914220,63915284,63915493,3035,164,355
0,-0.212402,17,355.363770
1,63914012,63914174,63915330,63915455,3048,165,355
0,-0.535156,18,355.385742
1,63914244,63913955,63915549,63915209,3001,166,355
0,-0.224121,10,355.341797
1,63913894,63914293,63915211,63915565,3036,167,355
0,-0.289551,19,355.319824
1,63914038,63914144,63915360,63915410,3035,168,355
0,-0.285645,8,355.407715
1,63914102,63914067,63915437,63915353,3074,169,355
0,-0.069824,13,355.451660
1,63914364,63914305,63915711,63915596,3094,170,355
0,-0.363770,13,355.517578
1,63914025,63914159,63915345,63915436,3046,171,355
0,-0.297363,21,355.385742
1,63914254,63913921,63915583,63915199,3057,172,355
0,-0.239746,17,355.363770
1,63913938,63914238,63915266,63915514,3054,173,355
0,-0.182129,13,355.385742
1,63914029,63914159,63915345,63915439,3044,174,355
0,-0.353027,31,355.429688
1,63914066,63914118,63915386,63915394,3044,175,355
0,-0.196777,15,355.517578
1,63914301,63914377,63915639,63915642,3053,176,355
0,-0.232910,27,355.407715
1,63913944,63914242,63915262,63915513,3036,177,355
0,-0.247559,14,355.407715
1,63914112,63914046,63915458,63915337,3093,178,355
0,-0.260254,8,355.407715
1,63914283,63913910,63915594,63915183,3030,179,355
0,-0.212402,19,355.385742
1,63914013,63914177,63915327,63915444,3027,180,355
0,-0.062012,15,355.407715
1,63914113,63914049,63915455,63915339,3087,181,355
0,-0.251465,20,355.429688
1,63914351,63914358,63915658,63915620,3013,182,355
0,-0.301270,18,355.363770
1,63913987,63914188,63915316,63915469,3061,183,355
0,-0.425781,21,355.385742
1,63914245,63913923,63915581,63915199,3063,184,355
0,-0.298340,34,355.407715
1,63914011,63914171,63915333,63915458,3060,185,355
0,-0.188965,16,355.341797
1,63914218,63913969,63915535,63915245,3041,186,355
0,-0.169434,20,355.341797
1,63913974,63914221,63915283,63915491,3024,187,355
0,-0.239746,14,355.451660
1,63913982,63914197,63915307,63915472,3049,188,355
0,-0.346191,26,355.319824
1,63914221,63913964,63915540,63915236,3039,189,355
0,-0.023438,18,355.385742
1,63914271,63913909,63915595,63915192,3057,190,355
0,-0.235840,19,355.363770
1,63914352,63914352,63915664,63915635,3043,191,355
0,-0.293457,24,355.407715
1,63914095,63914090,63915414,63915353,3028,192,355
0,-0.587891,29,355.407715
1,63914370,63914323,63915693,63915593,3041,193,355
0,-0.326660,13,355.341797
1,63914056,63914124,63915380,63915397,3046,194,355
0,-0.432617,16,355.385742
1,63914159,63914029,63915475,63915309,3044,195,355
0,-0.373535,34,355.407715
1,63914319,63914365,63915651,63915651,3070,196,355
0,-0.243652,19,355.363770
1,63914073,63914107,63915397,63915392,3060,197,355
0,-0.373535,29,355.385742
1,63914236,63913964,63915540,63915219,3001,198,355
0,-0.564453,32,355.429688
1,63913872,63914304,63915200,63915588,3063,199,355
0,-0.386719,32,355.429688
1,63913978,63914233,63915271,63915488,2988,200,355
0,-0.135254,12,355.385742
1,63914166,63914009,63915495,63915286,3056,201,355
0,-0.189941,12,355.385742
1,63914375,63914320,63915696,63915599,3049,202,355
0,-0.429688,23,355.385742
1,63914039,63914147,63915357,63915418,3036,203,355
0,-0.100098,13,355.385742
1,63914091,63914088,63915416,63915371,3059,204,355
0,-0.228027,21,355.363770
1,63914305,63914378,63915638,63915660,3067,205,355
0,-0.312988,14,355.385742
1,63914016,63914168,63915336,63915447,3048,206,355
0,-0.119629,21,355.473633
1,63914233,63913969,63915535,63915232,3008,207,355
0,-0.255371,13,355.429688
1,63913939,63914240,63915264,63915510,3043,208,355
0,-0.351074,6,355.407715
1,63914266,63913920,63915584,63915200,3047,209,355
0,-0.185059,18,355.451660
1,63914172,63913997,63915507,63915275,3064,210,355
0,-0.474609,13,355.341797
1,63913979,63914224,63915280,63915506,3029,211,355
0,-0.222168,30,355.407715
1,63914019,63914160,63915344,63915438,3053,212,355
0,-0.247559,23,355.385742
1,63914237,63913935,63915569,63915213,3061,213,355
0,-0.470703,12,355.429688
1,63914350,63914331,63915685,63915613,3069,214,355
0,-0.027344,13,355.385742
1,63913915,63914273,63915231,63915542,3032,215,355
0,-0.552734,20,355.429688
1,63914021,63914169,63915335,63915451,3044,216,355
0,-0.212402,32,355.363770
1,63914288,63913908,63915596,63915184,3030,217,355
0,-0.253418,32,355.451660
1,63914052,63914106,63915398,63915383,3076,218,355
0,-0.236816,29,355.473633
1,63913884,63914296,63915208,63915582,3061,219,355
0,-0.151855,23,355.429688
1,63914320,63914382,63915634,63915647,3024,220,355
0,-0.396484,17,355.385742
1,63914122,63914062,63915442,63915330,3035,221,355
0,-0.136230,22,355.407715
1,63914234,63913952,63915552,63915202,3012,222,355
0,-0.209473,21,355.495605
1,63914092,63914099,63915405,63915378,3040,223,355
0,-0.231934,22,355.341797
1,63914318,63914375,63915641,63915653,3050,224,355
0,-0.359863,21,355.407715
1,63914180,63913997,63915507,63915255,3032,225,355
0,-0.182129,28,355.429688
1,63914308,63913909,63915595,63915165,2982,226,355
0,-0.267090,12,355.407715
1,63914026,63914145,63915359,63915429,3069,227,355
0,-0.301270,14,355.319824
1,63914173,63913999,63915505,63915276,3060,228,355
0,-0.358887,14,355.407715
1,63914303,63913893,63915611,63915131,2986,229,355
0,-0.139160,21,355.363770
1,63914006,63914171,63915333,63915456,3063,230,355
0,-0.143066,19,355.407715
1,63914163,63914014,63915490,63915286,3048,231,355
0,0.007812,15,355.429688
1,63913988,63914175,63915329,63915462,3082,232,355
0,-0.313965,16,355.363770
1,63914363,63914360,63915656,63915627,3002,233,355
0,-0.336426,27,355.451660
1,63913957,63914237,63915267,63915518,3039,234,355
0,-0.305176,21,355.473633
1,63914163,63914010,63915494,63915272,3041,235,355
0,-0.120605,19,355.429688
1,63914295,63914382,63915634,63915670,3081,236,355
0,-0.135254,15,355.429688
1,63914053,63914106,63915398,63915400,3095,237,355
0,-0.429688,17,355.473633
1,63914282,63913913,63915591,63915176,3016,238,355
0,-0.192871,16,355.319824
1,63914103,63914080,63915424,63915349,3037,239,355
0,-0.428711,10,355.517578
1,63914249,63913925,63915579,63915203,3059,240,355
0,-0.455078,14,355.407715
1,63914043,63914123,63915381,63915409,3077,241,355
0,-0.181152,10,355.473633
1,63914351,63914345,63915671,63915618,3041,242,355
0,0.027344,16,355.429688
1,63914006,63914160,63915344,63915446,3077,243,355
0,-0.178223,14,355.363770
1,63914254,63913923,63915581,63915203,3057,244,355
0,-0.428711,16,355.363770
1,63913926,63914289,63915215,63915549,2989,245,355
0,-0.217285,16,355.407715
1,63914252,63913939,63915565,63915202,3021,246,355
0,-0.035156,15,355.363770
1,63914046,63914109,63915395,63915399,3095,247,355
0,-0.331543,12,355.385742
1,63914226,63913945,63915559,63915225,3064,248,355
0,-0.177246,12,355.473633
1,63913926,63914264,63915240,63915527,3022,249,355
0,-0.427734,19,355.385742
1,63914135,63914041,63915463,63915326,3064,250,355
0,-0.185059,23,355.473633
1,63914253,63913929,63915575,63915208,3050,251,355
0,-0.259277,18,355.429688
1,63914349,63914344,63915672,63915616,3043,252,355
0,-0.148926,20,355.363770
1,63914088,63914078,63915426,63915356,3068,253,355
0,-0.181152,13,355.407715
1,63914318,63914375,63915641,63915656,3054,254,355
0,-0.519531,13,355.429688
1,63914112,63914043,63915461,63915331,3093,255,355
0,-0.132324,17,355.407715
1,63914363,63914301,63915715,63915596,3104,256,355
0,-0.476562,15,355.385742
1,63913905,63914280,63915224,63915550,3036,257,355
0,-0.388672,18,355.451660
1,63914292,63913895,63915609,63915151,3017,258,355
0,-0.420898,33,355.407715
1,63914023,63914163,63915341,63915431,3033,259,355
0,-0.124512,16,355.429688
1,63913901,63914286,63915218,63915554,3032,260,355
0,-0.193848,21,355.429688
1,63913906,63914280,63915224,63915539,3022,261,355
0,-0.251465,11,355.429688
1,63913921,63914278,63915226,63915548,3020,262,355
0,-0.620117,22,355.451660
1,63914049,63914158,63915346,63915416,2996,263,355
0,-0.231934,13,355.385742
1,63913993,63914168,63915336,63915452,3081,264,355
0,-0.436523,17,355.429688
1,63914172,63913998,63915506,63915274,3061,265,355
0,-0.474609,13,355.363770
1,63914287,63913903,63915601,63915159,3014,266,355
0,-0.116699,18,355.363770
1,63914380,63914308,63915708,63915583,3053,267,355
0,-0.089355,19,355.363770
1,63913995,63914177,63915327,63915459,3066,268,355
0,-0.519531,18,355.407715
1,63914011,63914174,63915330,63915445,3037,269,355
0,-0.243652,18,355.451660
1,63914144,63914034,63915470,63915309,3050,270,355
0,-0.424805,24,355.363770
1,63914256,63913915,63915589,63915202,3073,271,355
0,-0.447266,25,355.363770
1,63913938,63914247,63915257,63915518,3037,272,355
0,-0.200684,18,355.385742
1,63914185,63913988,63915516,63915266,3060,273,355
0,-0.097168,18,355.495605
1,63914289,63913877,63915627,63915155,3068,274,355
0,-0.259277,12,355.385742
1,63913906,63914277,63915227,63915547,3039,275,355
0,-0.182129,21,355.429688
1,63914171,63914014,63915490,63915271,3021,276,355
0,-0.281738,10,355.407715
1,63914368,63914336,63915680,63915605,3027,277,355
0,-0.193848,15,355.407715
1,63913970,63914223,63915281,63915479,3010,278,355
0,-0.408203,13,355.451660
1,63914273,63913911,63915593,63915177,3033,279,355
0,-0.154785,17,355.341797
1,63914360,63914341,63915675,63915609,3029,280,355
0,-0.406250,17,355.319824
1,63914053,63914111,63915393,63915394,3076,281,355
0,-0.204590,15,355.429688
1,63914093,63914096,63915408,63915345,3007,282,355
0,-0.231934,21,355.429688
1,63914343,63914353,63915663,63915626,3041,283,355
0,-0.263184,20,355.385742
1,63914101,63914077,63915427,63915350,3048,284,355
0,-0.324707,14,355.451660
1,63914316,63914359,63915657,63915650,3087,285,355
0,-0.295410,20,355.385742
1,63913996,63914172,63915332,63915449,3064,286,355
0,-0.124512,16,355.297852
1,63914104,63914094,63915410,63915366,3023,287,355
0,-0.324707,24,355.341797
1,63914165,63914017,63915487,63915272,3022,288,355
0,-0.358887,25,355.407715
1,63913978,63914199,63915305,63915475,3053,289,355
0,-0.212402,16,355.495605
1,63914328,63914356,63915660,63915635,3062,290,355
0,-0.177246,20,355.385742
1,63914089,63914087,63915417,63915369,3061,291,355
0,-0.237793,31,355.495605
1,63914322,63914365,63915651,63915643,3057,292,355
0,-0.310059,29,355.363770
1,63914130,63914041,63915463,63915324,3068,293,355
0,-0.317871,40,355.451660
1,63913891,63914290,63915214,63915569,3051,294,355
0,-0.416016,25,355.473633
1,63913957,63914226,63915278,63915501,3044,295,355
0,-0.097168,22,355.341797
1,63914357,63914329,63915687,63915585,3033,296,355
0,-0.285645,26,355.385742
1,63913959,63914234,63915270,63915489,3009,297,355
0,-0.401367,18,355.451660
1,63914345,63914346,63915670,63915629,3059,298,355
0,-0.406250,29,355.407715
1,63914178,63913983,63915521,63915269,3083,299,355
0,-0.344238,18,355.407715
1,63913936,63914239,63915265,63915519,3060,300,355
0,-0.198730,31,355.363770
1,63914105,63914067,63915437,63915333,3047,301,355
0,-0.185059,22,355.385742
1,63914316,63914373,63915643,63915645,3048,302,355
0,-0.444336,13,355.363770
1,63914016,63914164,63915340,63915437,3046,303,355
0,-0.505859,25,355.429688
1,63914343,63914353,63915663,63915615,3028,304,355
0,-0.209473,18,355.407715
1,63913976,63914198,63915306,63915472,3054,305,355
0,-0.548828,23,355.319824
1,63914077,63914104,63915400,63915372,3039,306,355
0,-0.108887,23,355.341797
1,63914294,63913899,63915605,63915181,3041,307,355
0,-0.286621,33,355.363770
1,63914356,63914321,63915695,63915599,3069,308,355
0,-0.340332,12,355.363770
1,63914154,63914036,63915468,63915306,3030,309,355
0,-0.039062,20,355.407715
1,63914352,63914343,63915673,63915607,3032,310,355
0,-0.069824,15,355.429688
1,63914072,63914101,63915403,63915381,3062,311,355
0,-0.252441,24,355.341797
1,63914323,63914367,63915649,63915650,3060,312,355
0,-0.316895,18,355.539551
1,63913970,63914220,63915284,63915490,3030,313,355
0,-0.320801,22,355.451660
1,63914269,63913912,63915592,63915186,3046,314,355
0,-0.231934,21,355.363770
1,63914131,63914039,63915465,63915330,3078,315,355
0,-0.214355,34,355.363770
1,63914380,63914330,63915686,63915598,3019,316,355
0,-0.290527,16,355.253906
1,63914165,63914030,63915474,63915295,3019,317,355
0,-0.247559,18,355.341797
1,63914284,63913895,63915609,63915158,3035,318,355
0,-0.305176,16,355.385742
1,63914260,63913911,63915593,63915191,3064,319,355
0,-0.352051,23,355.451660
1,63913984,63914186,63915318,63915461,3060,320,355
0,-0.427734,17,355.363770
1,63914301,63914371,63915645,63915656,3083,321,355
0,-0.243652,15,355.473633
1,63914149,63914044,63915460,63915312,3024,322,355
0,-0.251465,19,355.429688
1,63914213,63913971,63915533,63915243,3040,323,355
0,-0.212402,20,355.429688
1,63914172,63913992,63915512,63915268,3068,324,355
0,-0.284668,16,355.297852
1,63914242,63913929,63915575,63915204,3059,325,355
0,-0.289551,18,355.341797
1,63914293,63913904,63915600,63915153,2998,326,355
0,-0.572266,33,355.385742
1,63914359,63914336,63915680,63915600,3032,327,355
0,-0.419922,15,355.407715
1,63913969,63914219,63915285,63915482,3024,328,355
0,-0.319824,12,355.363770
1,63914021,63914160,63915344,63915441,3054,329,355
0,-0.267090,19,355.429688
1,63914169,63914020,63915484,63915284,3024,330,355
0,-0.216309,16,355.385742
1,63914114,63914086,63915418,63915349,3010,331,355
0,-0.235840,12,355.341797
1,63914108,63914059,63915445,63915337,3067,332,355
0,-0.301270,15,355.341797
1,63913900,63914280,63915224,63915549,3041,333,355
0,-0.293457,15,355.451660
1,63913967,63914218,63915286,63915494,3043,334,355
0,-0.251465,16,355.341797
1,63913928,63914271,63915233,63915523,2999,335,355
0,-0.619141,15,355.385742
1,63913929,63914246,63915258,63915523,3056,336,355
0,-0.393555,12,355.407715
1,63914062,63914100,63915404,63915383,3078,337,355
0,-0.216309,27,355.385742
1,63914117,63914056,63915448,63915331,3056,338,355
0,-0.259277,15,355.451660
1,63914171,63914020,63915484,63915278,3015,339,355
0,-0.437500,23,355.385742
1,63914138,63914040,63915464,63915324,3061,340,355
0,-0.484375,38,355.341797
1,63914232,63913962,63915542,63915218,3009,341,355
0,-0.411133,33,355.363770
1,63914267,63913914,63915590,63915195,3054,342,355
0,-0.354004,36,355.275879
1,63913987,63914172,63915332,63915460,3088,343,355
0,-0.500000,18,355.385742
1,63914054,63914105,63915399,63915395,3090,344,355
0,-0.537109,22,355.495605
1,63914140,63914038,63915466,63915314,3051,345,355
0,-0.222168,26,355.429688
1,63914106,63914066,63915438,63915342,3059,346,355
0,-0.228027,11,355.363770
1,63914120,63914046,63915458,63915334,3080,347,355
0,-0.329590,26,355.429688
1,63914050,63914122,63915382,63915398,3059,348,355
0,-0.431641,16,355.473633
1,63914308,63913883,63915621,63915142,3016,349,355
0,-0.773438,19,355.407715
1,63914356,63914349,63915667,63915623,3032,350,355
0,-0.111816,21,355.341797
1,63914029,63914162,63915342,63915432,3029,351,355
0,-0.169434,19,355.407715
1,63914207,63913980,63915524,63915247,3030,352,355
0,-0.427734,21,355.451660
1,63914239,63913952,63915552,63915213,3019,353,355
0,-0.437500,25,355.363770
1,63913873,63914306,63915198,63915580,3048,354,355
0,-0.231934,27,355.385742
1,63914022,63914163,63915341,63915448,3054,355,355
0,-0.201660,21,355.429688
1,63914232,63913945,63915559,63915219,3050,356,355
0,-0.289551,11,355.407715
1,63913905,63914275,63915229,63915544,3041,357,355
0,-0.255371,16,355.363770
1,63913967,63914222,63915282,63915494,3034,358,355
0,-0.156738,24,355.451660
1,63914034,63914133,63915371,63915411,3067,359,355
0,-0.515625,13,355.341797
1,63914131,63914041,63915463,63915326,3069,360,355
0,-0.188965,17,355.407715
1,63913997,63914176,63915328,63915456,3062,361,355
0,-0.188965,16,355.473633
1,63914131,63914058,63915446,63915323,3026,362,355
0,-0.428711,18,355.473633
1,63913993,63914171,63915333,63915457,3080,363,355
0,-0.212402,17,355.429688
1,63914157,63914042,63915462,63915308,3015,364,355
0,-0.322754,28,355.341797
1,63914165,63914008,63915496,63915280,3053,365,355
0,-0.359863,23,355.451660
1,63914098,63914076,63915428,63915350,3054,366,355
0,-0.205566,13,355.473633
1,63913995,63914173,63915331,63915458,3074,367,355
0,-0.111816,16,355.319824
1,63914094,63914090,63915414,63915354,3030,368,355
0,-0.336426,18,355.297852
1,63914151,63914039,63915465,63915310,3032,369,355
0,-0.267090,33,355.429688
1,63914167,63914015,63915489,63915279,3033,370,355
0,-0.228027,11,355.385742
1,63914005,63914175,63915329,63915455,3054,371,355
0,-0.462891,10,355.363770
1,63914080,63914099,63915405,63915390,3068,372,355
0,-0.306152,34,355.473633
1,63913954,63914226,63915278,63915512,3061,373,355
0,-0.209473,22,355.407715
1,63914362,63914313,63915703,63915593,3074,374,355
0,-0.627930,20,355.319824
1,63914257,63913919,63915585,63915198,3057,375,355
0,-0.187012,34,355.451660
1,63914247,63913921,63915583,63915203,3070,376,355
0,-0.297363,16,355.407715
1,63914101,63914090,63915414,63915360,3029,377,355
0,-0.328613,20,355.341797
1,63913961,63914220,63915284,63915502,3055,378,355
0,-0.156738,32,355.451660
1,63913874,63914309,63915195,63915579,3039,379,355
0,-0.154785,23,355.363770
1,63913910,63914265,63915239,63915538,3051,380,355
0,-0.433594,35,355.385742
1,63914314,63913875,63915629,63915154,3042,381,355
0,-0.077637,12,355.319824
1,63914295,63913889,63915615,63915147,3023,382,355
0,-0.343262,13,355.407715
1,63914293,63913884,63915620,63915151,3042,383,355
0,-0.432617,19,355.429688
1,63914353,63914341,63915675,63915605,3033,384,355
0,-0.212402,14,355.407715
1,63913969,63914215,63915289,63915494,3048,385,355
0,-0.147949,21,355.363770
1,63914291,63913905,63915599,63915173,3021,386,355
0,-0.094238,22,355.363770
1,63914221,63913957,63915547,63915238,3057,387,355
0,-0.147949,24,355.407715
1,63913997,63914173,63915331,63915454,3067,388,355
0,-0.462891,20,355.407715
1,63913966,63914212,63915292,63915498,3063,389,355
0,-0.406250,30,355.341797
1,63914306,63913890,63915614,63915160,3023,390,355
0,-0.461914,29,355.429688
1,63914293,63913877,63915627,63915142,3048,391,355
0,-0.320801,30,355.495605
1,63914299,63914383,63915633,63915651,3051,392,355
0,-0.150879,33,355.319824
1,63914213,63913970,63915534,63915249,3049,393,355
0,-0.386719,22,355.341797
1,63914045,63914151,63915353,63915407,3007,394,355
0,-0.196777,10,355.363770
1,63914123,63914039,63915465,63915324,3081,395,355
0,-0.104980,20,355.451660
1,63914173,63914009,63915495,63915275,3035,396,355
0,-0.255371,14,355.385742
1,63914049,63914119,63915385,63915400,3069,397,355
0,-0.324707,10,355.319824
1,63914100,63914083,63915421,63915353,3039,398,355
0,-0.390625,15,355.363770
1,63913970,63914232,63915272,63915484,2995,399,355
0,-0.182129,12,355.407715
1,63914345,63914344,63915672,63915629,3063,400,355
0,-0.220215,23,355.473633
1,63914180,63913982,63915522,63915269,3083,401,355
0,-0.445312,20,355.451660
1,63914069,63914105,63915399,63915386,3062,402,355
0,-0.218262,28,355.385742
1,63914020,63914160,63915344,63915446,3061,403,355
0,-0.143066,22,355.429688
1,63914098,63914080,63915424,63915349,3043,404,355
0,-0.228027,13,355.407715
1,63914009,63914174,63915330,63915446,3041,405,355
0,-0.354980,17,355.429688
1,63913905,63914281,63915223,63915542,3024,406,355
0,-0.324707,11,355.407715
1,63913995,63914176,63915328,63915467,3077,407,355
0,-0.391602,29,355.429688
1,63913912,63914255,63915249,63915533,3067,408,355
0,-0.436523,17,355.495605
1,63913888,63914288,63915216,63915575,3067,409,355
0,-0.023438,22,355.319824
1,63913976,63914212,63915292,63915473,3022,410,355
0,-0.251465,8,355.407715
1,63914235,63913937,63915567,63915216,3062,411,355
0,-0.406250,36,355.341797
1,63914212,63913976,63915528,63915258,3047,412,355
0,-0.143066,18,355.297852
