1,63914193,63913895,63915097,63914754,2067,0,355
0,-0.150879,15,355.341797
1,63913908,63914175,63914817,63915031,2070,1,355
0,0.003906,10,355.363770
1,63914109,63913972,63915020,63914837,2083,2,355
0,-0.267090,16,355.341797
1,63914253,63914349,63915155,63915208,2065,3,355
0,-0.235840,16,355.407715
1,63914353,63914235,63915269,63915112,2103,4,355
0,-0.261230,25,355.407715
1,63914142,63913936,63915056,63914809,2096,5,355
0,-0.289551,23,355.407715
1,63914114,63913972,63915020,63914827,2065,6,355
0,-0.173340,14,355.363770
1,63913882,63914207,63914785,63915068,2069,7,355
0,-0.188965,22,355.385742
1,63914354,63914246,63915258,63915111,2074,8,355
0,-0.065918,19,355.429688
1,63914193,63913895,63915097,63914758,2072,9,355
0,-0.337402,19,355.341797
1,63914024,63914067,63914925,63914934,2073,10,355
0,-0.255371,26,355.385742
1,63913915,63914163,63914829,63915023,2080,11,355
0,-0.263184,10,355.385742
1,63914240,63914360,63915144,63915222,2071,12,355
0,-0.209473,17,355.363770
1,63914163,63913921,63915071,63914782,2074,13,355
0,-0.397461,30,355.385742
1,63914027,63914068,63914924,63914932,2065,14,355
0,-0.096191,25,355.385742
1,63914132,63913951,63915041,63914812,2076,15,355
0,-0.151855,15,355.429688
1,63913968,63914130,63914862,63914990,2057,16,355
0,-0.031250,25,355.341797
1,63913948,63914132,63914860,63915002,2090,17,355
0,-0.181152,21,355.385742
1,63914332,63914267,63915237,63915132,2076,18,355
0,-0.185059,18,355.341797
1,63914290,63914297,63915207,63915175,2105,19,355
0,-0.224121,22,355.473633
1,63914297,63914295,63915209,63915156,2079,20,355
0,-0.107910,10,355.385742
1,63914189,63913898,63915094,63914754,2065,21,355
0,-0.155762,19,355.363770
1,63914199,63913894,63915098,63914747,2054,22,355
0,-0.147949,18,355.363770
1,63914227,63914361,63915143,63915239,2104,23,355
0,-0.375488,20,355.429688
1,63914072,63914017,63914975,63914879,2070,24,355
0,-0.252441,24,355.473633
1,63913976,63914106,63914886,63914969,2079,25,355
0,-0.107910,15,355.385742
1,63913989,63914092,63914900,63914954,2079,26,355
0,-0.267090,10,355.341797
1,63913893,63914190,63914802,63915061,2087,27,355
0,-0.109863,24,355.407715
1,63913917,63914165,63914827,63915022,2072,28,355
0,-0.042969,11,355.363770
1,63913981,63914095,63914897,63914963,2092,29,355
0,-0.344238,16,355.363770
1,63914021,63914070,63914922,63914933,2069,30,355
0,-0.077637,17,355.385742
1,63914077,63914004,63914988,63914878,2093,31,355
0,-0.212402,30,355.407715
1,63914158,63913924,63915068,63914797,2091,32,355
0,-0.320801,28,355.363770
1,63914090,63914007,63914985,63914870,2062,33,355
0,-0.139160,30,355.385742
1,63914060,63914028,63914964,63914888,2069,34,355
0,-0.104004,14,355.341797
1,63913993,63914098,63914894,63914953,2059,35,355
0,-0.115723,11,355.385742
1,63913901,63914175,63914817,63915054,2105,36,355
0,-0.332520,25,355.341797
1,63913893,63914199,63914793,63915061,2066,37,355
0,-0.093262,24,355.429688
1,63914376,63914220,63915284,63915079,2072,38,355
0,-0.217285,19,355.363770
1,63914325,63914281,63915223,63915139,2059,39,355
0,-0.077637,25,355.385742
1,63914305,63914284,63915220,63915146,2084,40,355
0,-0.204590,12,355.385742
1,63914349,63914235,63915269,63915120,2117,41,355
0,-0.509766,30,355.539551
1,63914339,63914247,63915257,63915130,2112,42,355
0,-0.438477,36,355.319824
1,63914172,63913911,63915081,63914766,2069,43,355
0,-0.076660,10,355.451660
1,63914109,63913976,63915016,63914831,2066,44,355
0,-0.177246,12,355.429688
1,63914169,63913913,63915079,63914773,2076,45,355
0,-0.046875,15,355.363770
1,63914201,63913884,63915108,63914750,2079,46,355
0,-0.310059,22,355.407715
1,63914068,63914025,63914967,63914882,2059,47,355
0,-0.278809,20,355.407715
1,63914173,63913908,63915084,63914764,2072,48,355
0,-0.097168,10,355.429688
1,63914057,63914035,63914957,63914889,2057,49,355
0,-0.231934,15,355.385742
1,63914087,63913995,63914997,63914866,2088,50,355
0,-0.131348,21,355.385742
1,63913992,63914095,63914897,63914954,2069,51,355
0,-0.297363,15,355.385742
1,63914368,63914228,63915276,63915082,2066,52,355
0,-0.150879,9,355.319824
1,63914365,63914230,63915274,63915087,2071,53,355
0,-0.204590,15,355.385742
1,63914216,63914376,63915128,63915247,2091,54,355
0,-0.035156,21,355.407715
1,63914044,63914034,63914958,63914896,2083,55,355
0,-0.178223,9,355.429688
1,63914347,63914252,63915252,63915119,2078,56,355
0,-0.247559,26,355.473633
1,63914271,63914311,63915193,63915193,2115,57,355
0,-0.224121,25,355.341797
1,63914240,63914354,63915150,63915214,2076,58,355
0,-0.416992,13,355.385742
1,63914036,63914043,63914949,63914913,2091,59,355
0,-0.072754,21,355.297852
1,63914181,63913903,63915089,63914761,2071,60,355
0,-0.448242,17,355.341797
1,63914120,63913966,63915026,63914821,2065,61,355
0,-0.243652,16,355.385742
1,63913993,63914098,63914894,63914952,2058,62,355
0,-0.081543,13,355.385742
1,63913878,63914207,63914785,63915073,2079,63,355
0,-0.196777,19,355.385742
1,63914355,63914235,63915269,63915107,2094,64,355
0,-0.289551,22,355.341797
1,63914155,63913929,63915063,63914796,2081,65,355
0,-0.101074,21,355.341797
1,63914106,63913973,63915019,63914836,2083,66,355
0,-0.194824,17,355.363770
1,63914332,63914267,63915237,63915133,2077,67,355
0,-0.124512,22,355.363770
1,63914266,63914328,63915176,63915198,2087,68,355
0,-0.197754,18,355.363770
1,63914175,63913912,63915080,63914757,2052,69,355
0,-0.000977,27,355.363770
1,63914023,63914059,63914933,63914936,2096,70,355
0,-0.324707,25,355.429688
1,63914107,63913979,63915013,63914833,2064,71,355
0,-0.062012,10,355.407715
1,63914135,63913939,63915053,63914815,2104,72,355
0,-0.391602,35,355.385742
1,63914274,63914323,63915181,63915197,2088,73,355
0,-0.189941,22,355.429688
1,63914138,63913950,63915042,63914806,2064,74,355
0,-0.027344,25,355.429688
1,63914109,63913975,63915017,63914834,2072,75,355
0,-0.151855,14,355.385742
1,63914028,63914064,63914928,63914931,2072,76,355
0,-0.072754,26,355.473633
1,63914116,63913961,63915031,63914826,2087,77,355
0,-0.279785,17,355.385742
1,63914170,63913918,63915074,63914761,2049,78,355
0,-0.035156,25,355.385742
1,63914042,63914036,63914956,63914898,2083,79,355
0,-0.139160,13,355.451660
1,63913999,63914081,63914911,63914952,2091,80,355
0,-0.414062,26,355.407715
1,63913875,63914213,63914779,63915070,2065,81,355
0,-0.293457,20,355.341797
1,63913971,63914107,63914885,63914983,2099,82,355
0,-0.151855,23,355.451660
1,63914257,63914344,63915160,63915202,2065,83,355
0,-0.177246,17,355.385742
1,63914245,63914355,63915149,63915214,2067,84,355
0,-0.212402,15,355.341797
1,63914231,63914363,63915141,63915230,2084,85,355
0,-0.240723,19,355.385742
1,63914143,63913941,63915051,63914802,2074,86,355
0,-0.081543,21,355.429688
1,63914084,63914008,63914984,63914874,2071,87,355
0,-0.023438,22,355.385742
1,63913993,63914087,63914905,63914954,2086,88,355
0,-0.321777,25,355.451660
1,63913915,63914164,63914828,63915024,2079,89,355
0,-0.154785,13,355.429688
1,63913910,63914170,63914822,63915034,2083,90,355
0,-0.107910,18,355.341797
1,63914007,63914087,63914905,63914947,2062,91,355
0,-0.181152,20,355.385742
1,63913931,63914146,63914846,63915013,2090,92,355
0,-0.111816,18,355.429688
1,63913932,63914162,63914830,63915015,2053,93,355
0,-0.123535,13,355.407715
1,63914015,63914067,63914925,63914939,2090,94,355
0,-0.361816,27,355.451660
1,63914118,63913962,63915030,63914827,2084,95,355
0,-0.196777,18,355.429688
1,63914048,63914031,63914961,63914893,2081,96,355
0,-0.329590,18,355.341797
1,63914234,63914364,63915140,63915220,2066,97,355
0,-0.035156,11,355.385742
1,63913975,63914109,63914883,63914971,2076,98,355
0,-0.115723,13,355.363770
1,63914013,63914074,63914918,63914940,2077,99,355
0,-0.190918,22,355.451660
1,63914358,63914237,63915267,63915100,2078,100,355
0,-0.174316,17,355.407715
1,63914324,63914276,63915228,63915138,2071,101,355
0,0.077637,16,355.473633
1,63914356,63914240,63915264,63915105,2079,102,355
0,-0.104980,20,355.341797
1,63914298,63914309,63915195,63915176,2069,103,355
0,-0.209473,17,355.495605
1,63914232,63914371,63915133,63915225,2058,104,355
0,0.003906,12,355.385742
1,63914111,63913973,63915019,63914828,2067,105,355
0,-0.298340,16,355.407715
1,63914190,63913877,63915115,63914754,2113,106,355
0,-0.484375,25,355.451660
1,63914056,63914028,63914964,63914889,2074,107,355
0,-0.112793,14,355.451660
1,63914168,63913913,63915079,63914773,2077,108,355
0,0.000000,14,355.385742
1,63914249,63914349,63915155,63915206,2067,109,355
0,-0.213379,17,355.363770
1,63914102,63913980,63915012,63914844,2080,110,355
0,-0.309082,18,355.363770
1,63913993,63914079,63914913,63914946,2096,111,355
0,-0.314941,34,355.363770
1,63914029,63914054,63914938,63914926,2088,112,355
0,-0.097168,19,355.341797
1,63914106,63913973,63915019,63914833,2079,113,355
0,-0.409180,39,355.407715
1,63914034,63914045,63914947,63914913,2088,114,355
0,-0.177246,20,355.429688
1,63914008,63914080,63914912,63914943,2072,115,355
0,-0.003906,16,355.341797
1,63914107,63913987,63915005,63914842,2056,116,355
0,-0.348145,14,355.451660
1,63913887,63914180,63914812,63915064,2121,117,355
0,-0.291504,33,355.341797
1,63914362,63914222,63915282,63915088,2094,118,355
0,-0.247559,12,355.385742
1,63914314,63914288,63915216,63915143,2060,119,355
0,-0.241699,15,355.341797
1,63914089,63913990,63915002,63914869,2101,120,355
0,-0.154785,30,355.451660
1,63913901,63914181,63914811,63915045,2080,121,355
0,0.011719,18,355.363770
1,63913902,63914183,63914809,63915049,2079,122,355
0,-0.112793,22,355.473633
1,63913975,63914105,63914887,63914962,2074,123,355
0,-0.132324,10,355.473633
1,63913962,63914122,63914870,63914987,2079,124,355
0,-0.144043,20,355.341797
1,63913982,63914100,63914892,63914965,2081,125,355
0,-0.318848,20,355.363770
1,63914100,63913986,63915006,63914845,2070,126,355
0,-0.007812,17,355.429688
1,63914221,63914372,63915132,63915249,2097,127,355
0,-0.241699,29,355.385742
1,63914362,63914233,63915271,63915095,2077,128,355
0,-0.263184,16,355.341797
1,63914024,63914056,63914936,63914931,2096,129,355
0,-0.115723,27,355.429688
1,63914363,63914233,63915271,63915086,2065,130,355
0,-0.397461,38,355.363770
1,63913940,63914131,63914861,63915010,2111,131,355
0,-0.124512,23,355.385742
1,63913932,63914152,63914840,63915012,2073,132,355
0,-0.257324,18,355.363770
1,63914135,63913944,63915048,63914809,2085,133,355
0,-0.102051,23,355.473633
1,63914089,63913997,63914995,63914860,2074,134,355
0,-0.023438,21,355.385742
1,63914050,63914032,63914960,63914892,2076,135,355
0,-0.324707,17,355.341797
1,63914163,63913910,63915082,63914778,2096,136,355
0,-0.208496,15,355.385742
1,63914233,63914362,63915142,63915227,2080,137,355
0,-0.251465,16,355.429688
1,63913899,63914179,63914813,63915050,2093,138,355
0,-0.192871,25,355.451660
1,63914051,63914038,63914954,63914892,2060,139,355
0,-0.291504,11,355.429688
1,63914174,63913904,63915088,63914769,2086,140,355
0,-0.299316,18,355.407715
1,63914310,63914281,63915223,63915140,2078,141,355
0,-0.027344,14,355.363770
1,63913966,63914116,63914876,63914979,2079,142,355
0,-0.015625,18,355.363770
1,63914036,63914044,63914948,63914911,2086,143,355
0,-0.023438,19,355.385742
1,63914110,63913970,63915022,63914827,2074,144,355
0,-0.239746,17,355.341797
1,63914122,63913950,63915042,63914819,2098,145,355
0,-0.181152,19,355.407715
1,63914070,63914014,63914978,63914885,2086,146,355
0,-0.293457,29,355.385742
1,63914123,63913962,63915030,63914819,2069,147,355
0,-0.259277,17,355.341797
1,63914274,63914314,63915190,63915196,2108,148,355
0,-0.216309,29,355.429688
1,63914029,63914041,63914951,63914925,2118,149,355
0,-0.421875,28,355.385742
1,63914040,63914038,63914954,63914902,2085,150,355
0,-0.123535,15,355.429688
1,63914155,63913925,63915067,63914794,2088,151,355
0,-0.154785,20,355.363770
1,63914086,63913993,63914999,63914860,2087,152,355
0,-0.082520,22,355.341797
1,63914060,63914023,63914969,63914888,2080,153,355
0,-0.089355,20,355.429688
1,63914203,63913887,63915105,63914743,2062,154,355
0,-0.173340,23,355.429688
1,63914311,63914284,63915220,63915144,2074,155,355
0,-0.217285,13,355.363770
1,63913970,63914119,63914873,63914986,2076,156,355
0,-0.140137,23,355.429688
1,63914045,63914028,63914964,63914895,2094,157,355
0,-0.243652,15,355.407715
1,63914029,63914051,63914941,63914925,2094,158,355
0,-0.093262,24,355.363770
1,63914032,63914047,63914945,63914917,2091,159,355
0,-0.263184,22,355.363770
1,63913990,63914098,63914894,63914955,2065,160,355
0,-0.196777,12,355.341797
1,63914029,63914048,63914944,63914927,2104,161,355
0,-0.089355,25,355.363770
1,63914023,63914061,63914931,63914931,2085,162,355
0,-0.237793,24,355.429688
1,63914173,63913909,63915083,63914770,2077,163,355
0,-0.169434,11,355.363770
1,63914111,63913967,63915025,63914831,2085,164,355
0,-0.397461,17,355.341797
1,63914294,63914306,63915198,63915174,2078,165,355
0,-0.112793,20,355.407715
1,63913895,63914183,63914809,63915059,2099,166,355
0,-0.170410,28,355.429688
1,63914380,63914203,63915301,63915075,2103,167,355
0,-0.404297,20,355.385742
1,63913933,63914149,63914843,63915015,2083,168,355
0,-0.011719,16,355.341797
1,63914106,63913978,63915014,63914836,2071,169,355
0,-0.139160,18,355.429688
1,63914118,63913969,63915023,63914819,2058,170,355
0,-0.200684,14,355.429688
1,63914242,63914353,63915151,63915212,2073,171,355
0,-0.088379,12,355.363770
1,63914284,63914313,63915191,63915182,2083,172,355
0,-0.131348,23,355.363770
1,63914202,63913878,63915114,63914748,2090,173,355
0,-0.150879,23,355.429688
1,63914377,63914218,63915286,63915079,2076,174,355
0,-0.305176,21,355.319824
1,63914039,63914042,63914950,63914911,2087,175,355
0,-0.154785,19,355.407715
1,63914100,63913980,63915012,63914846,2085,176,355
0,-0.146973,21,355.473633
1,63914159,63913925,63915067,63914783,2071,177,355
0,-0.185059,14,355.451660
1,63914118,63913969,63915023,63914823,2063,178,355
0,-0.104980,16,355.407715
1,63914134,63913942,63915050,63914818,2101,179,355
0,-0.474609,27,355.407715
1,63914048,63914034,63914958,63914898,2080,180,355
0,-0.221191,14,355.341797
1,63914256,63914341,63915163,63915206,2078,181,355
0,-0.251465,20,355.473633
1,63914153,63913923,63915069,63914801,2104,182,355
0,-0.291504,30,355.473633
1,63914246,63914350,63915154,63915211,2074,183,355
0,-0.462891,17,355.341797
1,63914226,63914361,63915143,63915234,2099,184,355
0,-0.089355,19,355.473633
1,63914337,63914250,63915254,63915123,2099,185,355
0,-0.035156,24,355.385742
1,63914288,63914309,63915195,63915175,2079,186,355
0,-0.093262,26,355.429688
1,63914365,63914233,63915271,63915087,2064,187,355
0,-0.322754,16,355.385742
1,63913986,63914090,63914902,63914956,2090,188,355
0,-0.247559,15,355.429688
1,63914166,63913918,63915074,63914778,2073,189,355
0,-0.077637,15,355.363770
1,63914033,63914055,63914937,63914933,2090,190,355
0,-0.202637,27,355.451660
1,63914087,63913988,63915004,63914869,2108,191,355
0,-0.169434,28,355.407715
1,63914324,63914275,63915229,63915138,2073,192,355
0,-0.326660,26,355.363770
1,63913980,63914099,63914893,63914961,2081,193,355
0,0.007812,14,355.319824
1,63914126,63913956,63915036,63914820,2080,194,355
0,-0.107910,18,355.385742
1,63914263,63914334,63915170,63915202,2081,195,355
0,-0.003906,21,355.363770
1,63914301,63914290,63915214,63915152,2081,196,355
0,-0.186035,12,355.385742
1,63913993,63914083,63914909,63914951,2092,197,355
0,-0.112793,17,355.385742
1,63913959,63914122,63914870,63915003,2101,198,355
0,-0.186035,22,355.407715
1,63914114,63913971,63915021,63914828,2069,199,355
0,-0.039062,19,355.495605
1,63914177,63913897,63915095,63914761,2090,200,355
0,-0.192871,16,355.341797
1,63914316,63914283,63915221,63915142,2069,201,355
0,-0.340332,17,355.363770
1,63914250,63914348,63915156,63915206,2069,202,355
0,-0.251465,17,355.473633
1,63914296,63914298,63915206,63915161,2079,203,355
0,0.003906,18,355.363770
1,63914236,63914360,63915144,63915217,2070,204,355
0,-0.111816,14,355.451660
1,63914351,63914247,63915257,63915111,2076,205,355
0,-0.034180,25,355.451660
1,63913957,63914128,63914864,63914995,2080,206,355
0,-0.124512,24,355.407715
1,63914098,63913985,63915007,63914857,2088,207,355
0,-0.046875,23,355.341797
1,63914216,63914383,63915121,63915255,2084,208,355
0,-0.453125,32,355.341797
1,63914136,63913937,63915055,63914808,2099,209,355
0,-0.313965,24,355.407715
1,63914186,63913895,63915097,63914759,2081,210,355
0,-0.313965,23,355.363770
1,63914314,63914284,63915220,63915141,2067,211,355
0,-0.093262,15,355.451660
1,63913980,63914105,63914887,63914968,2076,212,355
0,-0.152832,16,355.407715
1,63914105,63913978,63915014,63914841,2078,213,355
0,-0.396484,18,355.407715
1,63914161,63913924,63915068,63914779,2066,214,355
0,-0.135254,14,355.407715
1,63914130,63913941,63915051,63914812,2101,215,355
0,-0.073730,24,355.253906
1,63914252,63914338,63915166,63915209,2093,216,355
0,-0.364746,24,355.319824
1,63913882,63914189,63914803,63915065,2107,217,355
0,-0.251465,22,355.385742
1,63914297,63914298,63915206,63915164,2081,218,355
0,-0.303223,19,355.319824
1,63914330,63914267,63915237,63915136,2083,219,355
0,-0.144043,22,355.429688
1,63913976,63914104,63914888,63914972,2087,220,355
0,-0.200684,16,355.385742
1,63914034,63914046,63914946,63914907,2079,221,355
0,-0.108887,15,355.319824
1,63914023,63914051,63914941,63914925,2101,222,355
0,-0.155762,23,355.363770
1,63914164,63913918,63915074,63914777,2074,223,355
0,-0.097168,16,355.253906
1,63914052,63914032,63914960,63914893,2074,224,355
0,-0.257324,14,355.363770
1,63913997,63914091,63914901,63914951,2069,225,355
0,-0.104980,16,355.473633
1,63914174,63913905,63915087,63914765,2079,226,355
0,-0.261230,15,355.473633
1,63914228,63914359,63915145,63915235,2103,227,355
0,-0.293457,21,355.363770
1,63914213,63913874,63915118,63914739,2076,228,355
0,-0.132324,22,355.363770
1,63914322,63914275,63915229,63915139,2077,229,355
0,-0.169434,26,355.341797
1,63914244,63914356,63915148,63915208,2059,230,355
0,-0.082520,8,355.363770
1,63914128,63913960,63915032,63914813,2060,231,355
0,-0.039062,19,355.385742
1,63914178,63913893,63915099,63914763,2100,232,355
0,-0.257324,23,355.429688
1,63914229,63914363,63915141,63915223,2078,233,355
0,-0.185059,9,355.429688
1,63914172,63913904,63915088,63914766,2085,234,355
0,-0.402344,16,355.385742
1,63914325,63914281,63915223,63915138,2058,235,355
0,-0.073730,16,355.407715
1,63913918,63914161,63914831,63915022,2080,236,355
0,-0.303223,16,355.407715
1,63914303,63914291,63915213,63915152,2077,237,355
0,-0.182129,10,355.385742
1,63914379,63914214,63915290,63915080,2084,238,355
0,-0.096191,20,355.341797
1,63914311,63914284,63915220,63915147,2078,239,355
0,-0.354004,22,355.495605
1,63914272,63914325,63915179,63915203,2093,240,355
0,-0.218262,28,355.451660
1,63914333,63914251,63915253,63915129,2108,241,355
0,-0.101074,27,355.363770
1,63914323,63914273,63915231,63915139,2080,242,355
0,-0.352051,21,355.407715
1,63914304,63914289,63915215,63915147,2074,243,355
0,-0.344238,13,355.429688
1,63914363,63914230,63915274,63915093,2080,244,355
0,-0.181152,16,355.341797
1,63914343,63914247,63915257,63915122,2098,245,355
0,-0.019531,25,355.341797
1,63914245,63914348,63915156,63915210,2079,246,355
0,-0.345215,20,355.363770
1,63914304,63914293,63915211,63915150,2069,247,355
0,-0.255371,12,355.407715
1,63913912,63914167,63914825,63915024,2076,248,355
0,0.031250,12,355.341797
1,63913975,63914108,63914884,63914972,2079,249,355
0,0.015625,16,355.407715
1,63914090,63913985,63915007,63914867,2110,250,355
0,-0.117676,31,355.429688
1,63914154,63913935,63915057,63914796,2069,251,355
0,-0.003906,25,355.407715
1,63914102,63913982,63915010,63914838,2069,252,355
0,0.000000,14,355.363770
1,63914222,63914376,63915128,63915232,2066,253,355
0,-0.011719,13,355.363770
1,63914295,63914298,63915206,63915158,2077,254,355
0,-0.200684,25,355.517578
1,63914299,63914298,63915206,63915156,2070,255,355
0,-0.147949,14,355.473633
1,63914193,63913878,63915114,63914751,2104,256,355
0,-0.295410,26,355.385742
1,63914255,63914345,63915159,63915206,2070,257,355
0,-0.139160,17,355.517578
1,63914302,63914284,63915220,63915151,2093,258,355
0,-0.341309,15,355.385742
1,63914270,63914338,63915166,63915192,2052,259,355
0,-0.140137,22,355.363770
1,63913921,63914159,63914833,63915021,2080,260,355
0,-0.119629,12,355.407715
1,63913925,63914158,63914834,63915015,2071,261,355
0,-0.108887,15,355.407715
1,63913915,63914163,63914829,63915026,2084,262,355
0,-0.308105,17,355.275879
1,63913966,63914110,63914882,63914989,2105,263,355
0,-0.031250,25,355.429688
1,63913996,63914081,63914911,63914953,2096,264,355
0,-0.372559,23,355.385742
1,63914167,63913913,63915079,63914781,2087,265,355
0,-0.081543,16,355.495605
1,63914230,63914364,63915140,63915229,2081,266,355
0,-0.081543,19,355.363770
1,63914343,63914247,63915257,63915125,2101,267,355
0,-0.320801,29,355.363770
1,63913955,63914124,63914868,63914997,2094,268,355
0,-0.046875,22,355.407715
1,63914096,63913980,63915012,63914853,2098,269,355
0,-0.289551,24,355.341797
1,63914096,63913988,63915004,63914853,2079,270,355
0,0.068848,19,355.341797
1,63914298,63914298,63915206,63915156,2071,271,355
0,-0.312012,16,355.319824
1,63913877,63914207,63914785,63915071,2078,272,355
0,-0.101074,20,355.341797
1,63914045,63914032,63914960,63914882,2070,273,355
0,-0.015625,32,355.363770
1,63914156,63913931,63915061,63914795,2074,274,355
0,-0.247559,25,355.341797
1,63914217,63914377,63915127,63915247,2087,275,355
0,-0.267090,26,355.451660
1,63914281,63914311,63915193,63915182,2091,276,355
0,-0.136230,23,355.451660
1,63913987,63914094,63914898,63914957,2080,277,355
0,-0.233887,17,355.451660
1,63914151,63913922,63915070,63914802,2110,278,355
0,-0.084473,27,355.407715
1,63913892,63914201,63914791,63915060,2062,279,355
0,-0.313965,28,355.341797
1,63913934,63914151,63914841,63915006,2066,280,355
0,-0.124512,17,355.385742
1,63913980,63914102,63914890,63914963,2077,281,355
0,-0.509766,17,355.451660
1,63914040,63914039,63914953,63914904,2085,282,355
0,-0.022461,16,355.363770
1,63914215,63914383,63915121,63915257,2087,283,355
0,-0.187012,31,355.319824
1,63914303,63914287,63915217,63915150,2084,284,355
0,0.023438,12,355.341797
1,63913930,63914152,63914840,63915014,2078,285,355
0,-0.210449,23,355.407715
1,63913972,63914105,63914887,63914968,2085,286,355
0,-0.147949,16,355.385742
1,63914025,63914057,63914935,63914927,2087,287,355
0,-0.031250,22,355.363770
1,63914327,63914263,63915241,63915135,2094,288,355
0,-0.192871,23,355.385742
1,63914296,63914300,63915204,63915163,2077,289,355
0,-0.100098,15,355.231934
1,63914298,63914294,63915210,63915158,2083,290,355
0,-0.019531,12,355.451660
1,63914374,63914217,63915287,63915080,2083,291,355
0,-0.305176,18,355.429688
1,63914365,63914228,63915276,63915087,2076,292,355
0,-0.446289,18,355.451660
1,63913904,63914178,63914814,63915052,2092,293,355
0,-0.249512,30,355.363770
1,63914000,63914079,63914913,63914950,2092,294,355
0,-0.228027,23,355.407715
1,63914051,63914034,63914958,63914892,2070,295,355
0,-0.399414,20,355.429688
1,63914211,63913875,63915117,63914741,2078,296,355
0,-0.373535,28,355.385742
1,63914375,63914219,63915285,63915080,2077,297,355
0,-0.320801,19,355.451660
1,63913897,63914184,63914808,63915051,2085,298,355
0,-0.220215,23,355.385742
1,63914121,63913959,63915033,63914820,2079,299,355
0,-0.368652,23,355.363770
1,63914355,63914239,63915265,63915103,2080,300,355
0,-0.092285,20,355.363770
1,63913959,63914123,63914869,63914990,2084,301,355
0,-0.182129,19,355.407715
1,63913957,63914124,63914868,63914993,2087,302,355
0,-0.255371,25,355.407715
1,63914056,63914029,63914963,63914889,2072,303,355
0,-0.261230,21,355.363770
1,63914217,63913876,63915116,63914737,2064,304,355
0,-0.131348,24,355.385742
1,63913917,63914163,63914829,63915029,2085,305,355
0,-0.255371,16,355.429688
1,63913988,63914097,63914895,63914956,2071,306,355
0,-0.501953,18,355.363770
1,63914160,63913920,63915072,63914786,2085,307,355
0,-0.019531,17,355.451660
1,63914281,63914313,63915191,63915183,2087,308,355
0,-0.146973,23,355.363770
1,63914291,63914309,63915195,63915186,2088,309,355
0,0.031250,24,355.407715
1,63914353,63914244,63915260,63915113,2083,310,355
0,-0.317871,28,355.451660
1,63913918,63914156,63914836,63915022,2092,311,355
0,-0.306152,11,355.451660
1,63914117,63913963,63915029,63914820,2074,312,355
0,0.101074,14,355.407715
1,63914278,63914325,63915179,63915192,2073,313,355
0,-0.241699,28,355.407715
1,63913915,63914169,63914823,63915027,2071,314,355
0,-0.027344,15,355.429688
1,63914098,63913978,63915014,63914847,2093,315,355
0,-0.185059,19,355.495605
1,63914306,63914288,63915216,63915145,2072,316,355
0,-0.128418,17,355.385742
1,63913967,63914110,63914882,63914989,2104,317,355
0,-0.150879,26,355.407715
1,63914212,63914379,63915125,63915245,2086,318,355
0,-0.101074,21,355.385742
1,63914083,63914000,63914992,63914869,2085,319,355
0,-0.015625,23,355.363770
1,63914332,63914269,63915235,63915129,2067,320,355
0,-0.062012,18,355.495605
1,63914055,63914032,63914960,63914889,2066,321,355
0,-0.372559,23,355.363770
1,63914171,63913910,63915082,63914766,2072,322,355
0,-0.265137,15,355.385742
1,63914293,63914296,63915208,63915159,2085,323,355
0,-0.251465,14,355.407715
1,63913922,63914154,63914838,63915016,2085,324,355
0,-0.181152,16,355.363770
1,63914110,63913969,63915023,63914826,2076,325,355
0,0.042969,15,355.429688
1,63914321,63914276,63915228,63915134,2070,326,355
0,-0.093262,21,355.341797
1,63913984,63914101,63914891,63914960,2071,327,355
0,-0.368652,19,355.275879
1,63914365,63914232,63915272,63915085,2064,328,355
0,-0.123535,18,355.341797
1,63913964,63914121,63914871,63914989,2081,329,355
0,-0.185059,23,355.407715
1,63914311,63914287,63915217,63915141,2064,330,355
0,-0.139160,17,355.429688
1,63913978,63914101,63914891,63914961,2079,331,355
0,-0.150879,12,355.407715
1,63913918,63914157,63914835,63915018,2085,332,355
0,-0.346191,19,355.429688
1,63914295,63914295,63915209,63915153,2078,333,355
0,-0.312012,13,355.363770
1,63914244,63914351,63915153,63915207,2070,334,355
0,-0.108887,16,355.407715
1,63914236,63914353,63915151,63915212,2080,335,355
0,-0.232910,16,355.429688
1,63914184,63913895,63915097,63914759,2084,336,355
0,-0.156738,23,355.451660
1,63914364,63914226,63915278,63915085,2079,337,355
0,-0.062988,16,355.319824
1,63914127,63913950,63915042,63914808,2079,338,355
0,-0.185059,19,355.429688
1,63914058,63914024,63914968,63914887,2079,339,355
0,-0.453125,23,355.363770
1,63913919,63914164,63914828,63915017,2066,340,355
0,-0.169434,13,355.407715
1,63914107,63913969,63915023,63914829,2083,341,355
0,-0.210449,19,355.407715
1,63913885,63914187,63914805,63915057,2099,342,355
0,-0.224121,22,355.429688
1,63914201,63913891,63915101,63914749,2062,343,355
0,-0.119629,23,355.429688
1,63913974,63914108,63914884,63914965,2072,344,355
0,-0.104980,12,355.385742
1,63914232,63914360,63915144,63915222,2080,345,355
0,-0.196777,15,355.429688
1,63913938,63914143,63914849,63915009,2084,346,355
0,-0.222168,31,355.385742
1,63914293,63914308,63915196,63915168,2067,347,355
0,-0.247559,20,355.407715
1,63914056,63914032,63914960,63914886,2062,348,355
0,-0.069824,15,355.451660
1,63913876,63914209,63914783,63915065,2067,349,355
0,-0.039062,22,355.319824
1,63914167,63913913,63915079,63914771,2076,350,355
0,-0.108887,15,355.363770
1,63913887,63914186,63914806,63915068,2112,351,355
0,-0.249512,35,355.385742
1,63914096,63913984,63915008,63914851,2086,352,355
0,-0.124512,24,355.429688
1,63913910,63914164,63914828,63915025,2086,353,355
0,-0.351074,17,355.385742
1,63914222,63914368,63915136,63915236,2090,354,355
0,-0.015625,21,355.429688
1,63914085,63913991,63915001,63914860,2093,355,355
0,0.019531,23,355.385742
1,63913916,63914156,63914836,63915018,2090,356,355
0,-0.228027,13,355.385742
1,63914243,63914349,63915155,63915211,2080,357,355
0,-0.200684,15,355.429688
1,63914278,63914310,63915194,63915186,2101,358,355
0,-0.170410,24,355.429688
1,63914130,63913941,63915051,63914810,2099,359,355
0,-0.089355,24,355.407715
1,63913922,63914152,63914840,63915010,2083,360,355
0,-0.104980,15,355.429688
1,63914310,63914285,63915219,63915142,2071,361,355
0,-0.182129,20,355.429688
1,63913931,63914153,63914839,63915006,2065,362,355
0,-0.200684,23,355.363770
1,63913888,63914177,63914815,63915057,2119,363,355
0,0.003906,26,355.473633
1,63914221,63914371,63915133,63915236,2084,364,355
0,-0.175293,23,355.385742
1,63914201,63913872,63915120,63914741,2097,365,355
0,-0.361816,30,355.385742
1,63914157,63913942,63915050,63914807,2062,366,355
0,-0.015625,27,355.363770
1,63914232,63914355,63915149,63915216,2085,367,355
0,-0.007812,13,355.385742
1,63914124,63913955,63915037,63914815,2079,368,355
0,-0.081543,25,355.429688
1,63914177,63913905,63915087,63914754,2063,369,355
0,-0.328613,21,355.473633
1,63914254,63914330,63915174,63915197,2096,370,355
0,-0.290527,23,355.363770
1,63913915,63914159,63914833,63915019,2085,371,355
0,0.027344,13,355.473633
1,63914086,63913994,63914998,63914860,2085,372,355
0,-0.386719,27,355.407715
1,63914174,63913903,63915089,63914760,2078,373,355
0,-0.131348,17,355.429688
1,63914283,63914315,63915189,63915184,2081,374,355
0,-0.220215,30,355.407715
1,63914033,63914045,63914947,63914908,2084,375,355
0,-0.267090,16,355.451660
1,63913961,63914110,63914882,63914985,2106,376,355
0,-0.186035,20,355.407715
1,63914293,63914299,63915205,63915159,2078,377,355
0,-0.222168,18,355.363770
1,63914299,63914290,63915214,63915151,2083,378,355
0,-0.293457,12,355.385742
1,63914300,63914297,63915207,63915149,2063,379,355
0,-0.186035,16,355.517578
1,63914361,63914235,63915269,63915091,2069,380,355
0,-0.387695,19,355.341797
1,63914175,63913907,63915085,63914764,2072,381,355
0,-0.259277,25,355.297852
1,63914073,63914012,63914980,63914874,2074,382,355
0,-0.069824,24,355.385742
1,63914354,63914237,63915267,63915096,2078,383,355
0,-0.123535,15,355.407715
1,63914356,63914234,63915270,63915093,2079,384,355
0,-0.104980,11,355.363770
1,63914250,63914337,63915167,63915204,2092,385,355
0,-0.140137,18,355.363770
1,63914305,63914287,63915217,63915144,2074,386,355
0,-0.177246,18,355.407715
1,63913943,63914140,63914852,63914998,2072,387,355
0,-0.062012,23,355.429688
1,63914164,63913914,63915078,63914773,2079,388,355
0,-0.437500,16,355.407715
1,63914126,63913945,63915047,63914812,2097,389,355
0,-0.372559,28,355.363770
1,63914090,63913988,63915004,63914856,2090,390,355
0,-0.324707,27,355.363770
1,63914052,63914036,63914956,63914888,2059,391,355
0,-0.146973,17,355.451660
1,63914105,63913974,63915018,63914832,2077,392,355
0,-0.464844,17,355.451660
1,63914359,63914232,63915272,63915088,2074,393,355
0,-0.267090,11,355.363770
1,63913896,63914188,63914804,63915046,2071,394,355
0,-0.088379,22,355.363770
1,63914174,63913908,63915084,63914762,2069,395,355
0,-0.235840,20,355.451660
1,63913913,63914168,63914824,63915025,2073,396,355
0,-0.120605,13,355.341797
1,63914320,63914267,63915237,63915139,2098,397,355
0,-0.027344,22,355.429688
1,63914153,63913926,63915066,63914784,2077,398,355
0,-0.108887,18,355.407715
1,63913877,63914198,63914794,63915072,2100,399,355
0,-0.174316,27,355.407715
1,63914292,63914298,63915206,63915162,2085,400,355
0,-0.374512,20,355.363770
1,63914172,63913901,63915091,63914764,2090,401,355
0,-0.111816,12,355.429688
1,63913948,63914127,63914865,63914999,2098,402,355
0,-0.085449,26,355.429688
1,63914339,63914254,63915250,63915118,2081,403,355
0,-0.027344,23,355.385742
1,63914090,63913979,63915013,63914833,2084,404,355
0,0.084473,23,355.407715
1,63914168,63913914,63915078,63914775,2077,405,355
0,-0.073730,15,355.407715
1,63914300,63914291,63915213,63915150,2078,406,355
0,-0.108887,11,355.407715
1,63914149,63913921,63915071,63914793,2104,407,355
0,-0.081543,23,355.385742
1,63914161,63913928,63915064,63914780,2058,408,355
0,-0.505859,21,355.341797
