1,63914337,63914239,63914753,63914626,941,0,355
0,-0.031250,12,355.451660
1,63914000,63914051,63914429,63914437,955,1,355
0,-0.440430,10,355.385742
1,63914105,63913965,63914515,63914335,914,2,355
0,-0.291504,13,355.495605
1,63914245,63914329,63914663,63914700,925,3,355
0,-0.081543,4,355.495605
1,63913894,63914171,63914309,63914557,939,4,355
0,-0.341309,24,355.473633
1,63914097,63913976,63914504,63914356,923,5,355
0,-0.245605,19,355.385742
1,63914151,63913911,63914569,63914297,943,6,355
0,-0.312988,17,355.407715
1,63914302,63914275,63914717,63914644,919,7,355
0,-0.124512,6,355.385742
1,63913907,63914165,63914315,63914534,911,8,355
0,0.015625,14,355.429688
1,63914138,63913914,63914566,63914304,959,9,355
0,-0.131348,13,355.385742
1,63914207,63914363,63914629,63914752,951,10,355
0,-0.289551,14,355.385742
1,63913894,63914172,63914308,63914558,938,11,355
0,-0.289551,14,355.407715
1,63914225,63914358,63914634,63914725,910,12,355
0,-0.018555,11,355.363770
1,63914274,63914298,63914694,63914689,951,13,355
0,-0.097168,14,355.363770
1,63913896,63914170,63914310,63914553,934,14,355
0,-0.279785,19,355.341797
1,63914045,63914029,63914451,63914390,899,15,355
0,0.062012,1,355.363770
1,63914199,63914366,63914626,63914760,962,16,355
0,-0.307129,17,355.407715
1,63914347,63914236,63914756,63914620,930,17,355
0,-0.035156,9,355.363770
1,63914038,63914036,63914444,63914401,904,18,355
0,0.006836,8,355.363770
1,63914232,63914347,63914645,63914719,920,19,355
0,-0.224121,10,355.473633
1,63914285,63914295,63914697,63914674,927,20,355
0,-0.217285,11,355.429688
1,63913928,63914126,63914354,63914504,943,21,355
0,-0.186035,8,355.385742
1,63914072,63913987,63914493,63914375,948,22,355
0,-0.218262,8,355.429688
1,63914167,63913900,63914580,63914271,919,23,355
0,-0.224121,11,355.363770
1,63914353,63914232,63914760,63914594,901,24,355
0,0.065918,4,355.407715
1,63914106,63913963,63914517,63914334,917,25,355
0,-0.433594,9,355.363770
1,63914299,63914275,63914717,63914658,939,26,355
0,-0.241699,13,355.407715
1,63914336,63914243,63914749,63914628,936,27,355
0,-0.432617,3,355.429688
1,63914046,63914018,63914462,63914393,927,28,355
0,-0.185059,5,355.363770
1,63914084,63913979,63914501,63914366,943,29,355
0,-0.085449,35,355.407715
1,63914115,63913943,63914537,63914318,934,30,355
0,-0.200684,9,355.451660
1,63914181,63914379,63914613,63914764,958,31,355
0,-0.151855,7,355.429688
1,63914228,63914355,63914637,63914726,914,32,355
0,-0.023438,8,355.385742
1,63914252,63914310,63914682,63914698,959,33,355
0,-0.116699,6,355.363770
1,63913893,63914170,63914310,63914563,950,34,355
0,-0.183105,17,355.319824
1,63914042,63914026,63914454,63914393,913,35,355
0,-0.135254,3,355.385742
1,63914202,63914366,63914626,63914757,955,36,355
0,-0.147949,18,355.407715
1,63913879,63914174,63914306,63914563,957,37,355
0,-0.127441,29,355.363770
1,63914042,63914026,63914454,63914394,914,38,355
0,-0.209473,8,355.495605
1,63914105,63913968,63914512,63914331,903,39,355
0,-0.201660,6,355.319824
1,63914295,63914287,63914705,63914654,911,40,355
0,-0.192871,-1,355.363770
1,63914361,63914216,63914776,63914590,925,41,355
0,-0.196777,6,355.407715
1,63914023,63914041,63914439,63914427,940,42,355
0,-0.183105,16,355.341797
1,63914212,63914367,63914625,63914754,938,43,355
0,-0.181152,32,355.341797
1,63914322,63914235,63914757,63914628,971,44,355
0,-0.374512,14,355.341797
1,63914183,63914375,63914617,63914763,964,45,355
0,-0.127441,11,355.451660
1,63914362,63914218,63914774,63914583,911,46,355
0,-0.062012,2,355.451660
1,63913978,63914085,63914395,63914459,927,47,355
0,-0.124512,7,355.495605
1,63914011,63914043,63914437,63914435,959,48,355
0,-0.460938,17,355.363770
1,63914122,63913935,63914545,63914316,943,49,355
0,-0.085449,4,355.319824
1,63914217,63914360,63914632,63914729,919,50,355
0,0.094238,6,355.429688
1,63914368,63914214,63914778,63914583,913,51,355
0,-0.144043,8,355.385742
1,63913890,63914178,63914302,63914560,931,52,355
0,-0.235840,13,355.319824
1,63914106,63913964,63914516,63914326,905,53,355
0,-0.198730,7,355.451660
1,63914213,63914365,63914627,63914751,938,54,355
0,-0.116699,14,355.473633
1,63913968,63914105,63914375,63914479,916,55,355
0,-0.077637,22,355.341797
1,63914031,63914036,63914444,63914417,931,56,355
0,-0.039062,11,355.319824
1,63914152,63913915,63914565,63914295,930,57,355
0,-0.065918,28,355.407715
1,63914375,63914191,63914801,63914573,947,58,355
0,-0.324707,7,355.363770
1,63914349,63914233,63914759,63914614,927,59,355
0,-0.243652,10,355.407715
1,63913913,63914151,63914329,63914528,930,60,355
0,-0.333496,15,355.363770
1,63913875,63914176,63914304,63914569,964,61,355
0,-0.402344,9,355.407715
1,63914096,63913974,63914506,63914346,917,62,355
0,-0.115723,13,355.341797
1,63914342,63914237,63914755,63914619,932,63,355
0,-0.144043,11,355.451660
1,63913982,63914081,63914399,63914449,920,64,355
0,-0.174316,5,355.385742
1,63914127,63913925,63914555,63914309,952,65,355
0,-0.154785,13,355.363770
1,63914041,63914027,63914453,63914390,909,66,355
0,0.046875,1,355.319824
1,63913983,63914088,63914392,63914460,916,67,355
0,-0.298340,8,355.407715
1,63914031,63914039,63914441,63914415,921,68,355
0,-0.224121,16,355.341797
1,63913993,63914076,63914404,63914444,913,69,355
0,-0.042969,3,355.407715
1,63914097,63913978,63914502,63914341,900,70,355
0,0.108887,1,355.341797
1,63914083,63913975,63914505,63914359,945,71,355
0,-0.085449,11,355.385742
1,63914258,63914303,63914689,63914691,960,72,355
0,-0.182129,6,355.363770
1,63914228,63914358,63914634,63914734,917,73,355
0,-0.255371,14,355.297852
1,63913913,63914157,63914323,63914525,912,74,355
0,-0.354004,12,355.385742
1,63914207,63914368,63914624,63914756,944,75,355
0,-0.375488,11,355.385742
1,63914332,63914245,63914747,63914629,937,76,355
0,-0.178223,33,355.341797
1,63913998,63914049,63914431,63914437,962,77,355
0,-0.146973,9,355.341797
1,63914046,63914009,63914471,63914383,937,78,355
0,-0.228027,5,355.473633
1,63913986,63914075,63914405,63914449,930,79,355
0,-0.267090,6,355.451660
1,63914172,63913882,63914598,63914254,936,80,355
0,-0.011719,3,355.429688
1,63913982,63914073,63914407,63914441,930,81,355
0,-0.088379,1,355.429688
1,63914218,63914361,63914631,63914746,936,82,355
0,-0.255371,16,355.429688
1,63913955,63914107,63914373,63914497,947,83,355
0,-0.081543,13,355.429688
1,63914121,63913948,63914532,63914316,913,84,355
0,-0.030273,2,355.341797
1,63913925,63914132,63914348,63914509,938,85,355
0,-0.023438,5,355.385742
1,63914377,63914191,63914801,63914566,937,86,355
0,-0.154785,18,355.363770
1,63913985,63914068,63914412,63914445,943,87,355
0,-0.356934,4,355.473633
1,63913929,63914119,63914361,63914504,958,88,355
0,-0.204590,7,355.385742
1,63914233,63914348,63914644,63914711,907,89,355
0,-0.181152,1,355.451660
1,63914037,63914031,63914449,63914399,914,90,355
0,-0.188965,9,355.341797
1,63914287,63914289,63914703,63914674,939,91,355
0,-0.333496,22,355.385742
1,63914106,63913964,63914516,63914326,905,92,355
0,0.024414,2,355.341797
1,63913962,63914103,63914377,63914477,925,93,355
0,-0.089355,5,355.385742
1,63914147,63913916,63914564,63914300,939,94,355
0,-0.112793,11,355.363770
1,63914381,63914189,63914803,63914570,941,95,355
0,-0.003906,5,355.407715
1,63914234,63914348,63914644,63914710,905,96,355
0,-0.031250,7,355.363770
1,63913903,63914165,63914315,63914539,921,97,355
0,-0.169434,11,355.451660
1,63914288,63914291,63914701,63914656,912,98,355
0,-0.007812,7,355.473633
1,63914349,63914233,63914759,63914615,928,99,355
0,-0.205566,17,355.385742
1,63913991,63914058,63914422,63914444,958,100,355
0,-0.255371,8,355.407715
1,63914329,63914255,63914737,63914633,921,101,355
0,-0.231934,10,355.407715
1,63914163,63913910,63914570,63914282,913,102,355
0,-0.072754,15,355.341797
1,63913896,63914169,63914311,63914559,944,103,355
0,-0.098145,21,355.385742
1,63914102,63913964,63914516,63914329,913,104,355
0,-0.096191,4,355.363770
1,63914364,63914200,63914792,63914570,936,105,355
0,-0.097168,3,355.407715
1,63914059,63913992,63914488,63914375,952,106,355
0,-0.065918,24,355.473633
1,63913885,63914170,63914310,63914562,958,107,355
0,-0.099121,15,355.473633
1,63913892,63914172,63914308,63914562,945,108,355
0,-0.133301,17,355.429688
1,63913985,63914067,63914413,63914443,943,109,355
0,-0.409180,9,355.451660
1,63914039,63914027,63914453,63914387,907,110,355
0,-0.007812,3,355.363770
1,63913895,63914166,63914314,63914551,943,111,355
0,-0.239746,14,355.319824
1,63913953,63914105,63914375,63914488,944,112,355
0,-0.100098,30,355.363770
1,63914222,63914360,63914632,63914727,911,113,355
0,-0.069824,10,355.451660
1,63914042,63914025,63914455,63914395,918,114,355
0,-0.182129,6,355.429688
1,63914170,63913898,63914582,63914256,903,115,355
0,0.003906,0,355.363770
1,63913877,63914189,63914291,63914570,932,116,355
0,-0.263184,8,355.341797
1,63914016,63914045,63914435,63914435,948,117,355
0,-0.309082,13,355.473633
1,63914147,63913916,63914564,63914308,948,118,355
0,-0.316895,17,355.451660
1,63913959,63914105,63914375,63914485,933,119,355
0,-0.038086,9,355.385742
1,63914233,63914348,63914644,63914726,925,120,355
0,-0.251465,13,355.407715
1,63914023,63914039,63914441,63914416,932,121,355
0,-0.019531,15,355.363770
1,63914220,63914360,63914632,63914741,930,122,355
0,0.081543,11,355.385742
1,63913905,63914164,63914316,63914544,927,123,355
0,-0.208496,14,355.363770
1,63913980,63914088,63914392,63914449,906,124,355
0,-0.077637,0,355.407715
1,63914098,63913970,63914510,63914350,928,125,355
0,-0.260254,20,355.319824
1,63914251,63914313,63914679,63914697,952,126,355
0,-0.011719,19,355.517578
1,63913872,63914182,63914298,63914566,950,127,355
0,-0.345215,6,355.385742
1,63914224,63914361,63914631,63914742,924,128,355
0,-0.324707,13,355.363770
1,63914217,63914361,63914631,63914737,926,129,355
0,-0.104980,11,355.429688
1,63914309,63914252,63914740,63914630,948,130,355
0,-0.259277,5,355.495605
1,63914163,63913901,63914579,63914272,923,131,355
0,0.123535,8,355.341797
1,63914041,63914021,63914459,63914400,934,132,355
0,-0.359863,8,355.319824
1,63913915,63914154,63914326,63914516,906,133,355
0,-0.100098,4,355.341797
1,63914227,63914353,63914639,63914730,925,134,355
0,-0.046875,16,355.363770
1,63913901,63914163,63914317,63914532,920,135,355
0,-0.011719,4,355.407715
1,63914109,63913952,63914528,63914320,923,136,355
0,-0.069824,8,355.451660
1,63914175,63913885,63914595,63914250,920,137,355
0,-0.147949,7,355.407715
1,63914356,63914232,63914760,63914594,898,138,355
0,0.003906,7,355.363770
1,63913882,63914176,63914304,63914560,945,139,355
0,-0.189941,13,355.407715
1,63914134,63913926,63914554,63914310,943,140,355
0,-0.337402,19,355.319824
1,63913923,63914123,63914357,63914501,952,141,355
0,0.011719,16,355.473633
1,63914345,63914232,63914760,63914595,912,142,355
0,0.139160,8,355.297852
1,63914347,63914233,63914759,63914597,910,143,355
0,0.108887,14,355.407715
1,63913964,63914104,63914376,63914482,926,144,355
0,-0.097168,13,355.473633
1,63914103,63913968,63914512,63914345,921,145,355
0,-0.235840,11,355.429688
1,63913873,63914174,63914306,63914562,962,146,355
0,0.065918,15,355.363770
1,63913961,63914105,63914375,63914487,933,147,355
0,-0.208496,17,355.451660
1,63914231,63914344,63914648,63914704,911,148,355
0,-0.046875,4,355.429688
1,63914288,63914291,63914701,63914653,909,149,355
0,-0.124512,4,355.429688
1,63913951,63914106,63914374,63914479,933,150,355
0,-0.003906,9,355.429688
1,63914153,63913914,63914566,63914286,920,151,355
0,-0.324707,11,355.451660
1,63913908,63914165,63914315,63914526,900,152,355
0,-0.128418,13,355.341797
1,63914121,63913935,63914545,63914312,939,153,355
0,-0.312988,8,355.451660
1,63913920,63914132,63914348,63914504,938,154,355
0,-0.097168,4,355.407715
1,63914314,63914250,63914742,63914622,938,155,355
0,0.189941,16,355.407715
1,63914381,63914182,63914810,63914573,961,156,355
0,-0.464844,30,355.429688
1,63914073,63913979,63914501,63914369,959,157,355
0,-0.139160,17,355.407715
1,63914219,63914361,63914631,63914729,914,158,355
0,0.007812,16,355.385742
1,63914176,63913873,63914607,63914246,943,159,355
0,-0.039062,3,355.451660
1,63914260,63914304,63914688,63914688,952,160,355
0,-0.031250,20,355.341797
1,63914040,63914028,63914452,63914386,903,161,355
0,0.101074,4,355.451660
1,63914044,63914020,63914460,63914380,910,162,355
0,-0.073730,5,355.407715
1,63914188,63914370,63914622,63914755,960,163,355
0,-0.085449,17,355.407715
1,63913895,63914169,63914311,63914542,925,164,355
0,0.075684,11,355.407715
1,63914036,63914033,63914447,63914406,919,165,355
0,-0.204590,9,355.319824
1,63914270,63914301,63914691,63914669,925,166,355
0,0.077637,15,355.363770
1,63914228,63914351,63914641,63914712,907,167,355
0,-0.301270,5,355.385742
1,63913960,63914104,63914376,63914472,919,168,355
0,0.011719,10,355.407715
1,63914094,63913970,63914510,63914343,925,169,355
0,-0.151855,13,355.495605
1,63914297,63914278,63914714,63914639,912,170,355
0,-0.042969,3,355.407715
1,63914038,63914030,63914450,63914390,905,171,355
0,-0.155762,0,355.517578
1,63914167,63913897,63914583,63914259,912,172,355
0,-0.107910,7,355.363770
1,63913952,63914103,63914377,63914487,948,173,355
0,-0.064941,12,355.385742
1,63914270,63914297,63914695,63914672,938,174,355
0,-0.424805,22,355.407715
1,63913893,63914173,63914307,63914551,928,175,355
0,-0.062012,11,355.407715
1,63914165,63913900,63914580,63914262,911,176,355
0,-0.214355,10,355.429688
1,63913977,63914088,63914392,63914451,912,177,355
0,-0.150879,4,355.341797
1,63913963,63914103,63914377,63914466,911,178,355
0,-0.011719,12,355.473633
1,63914150,63913912,63914568,63914285,927,179,355
0,-0.255371,11,355.407715
1,63914370,63914196,63914796,63914567,934,180,355
0,-0.370605,28,355.319824
1,63914002,63914052,63914428,63914434,947,181,355
0,-0.169434,11,355.341797
1,63913919,63914138,63914342,63914504,925,182,355
0,-0.150879,5,355.407715
1,63914086,63913977,63914503,63914358,936,183,355
0,-0.213379,16,355.473633
1,63914311,63914256,63914736,63914630,937,184,355
0,-0.216309,3,355.385742
1,63913977,63914100,63914380,63914462,897,185,355
0,-0.192871,10,355.341797
1,63914282,63914298,63914694,63914673,923,186,355
0,-0.068848,9,355.429688
1,63914133,63913917,63914563,63914291,943,187,355
0,-0.112793,19,355.473633
1,63914173,63914380,63914612,63914762,962,188,355
0,-0.201660,7,355.407715
1,63914006,63914043,63914437,63914425,953,189,355
0,-0.031250,11,355.319824
1,63913958,63914105,63914375,63914476,924,190,355
0,0.173340,18,355.451660
1,63914214,63914364,63914628,63914745,932,191,355
0,-0.237793,31,355.407715
1,63913919,63914134,63914346,63914508,939,192,355
0,-0.314941,11,355.429688
1,63914102,63913967,63914513,63914324,900,193,355
0,-0.375488,7,355.451660
1,63913913,63914142,63914338,63914506,925,194,355
0,-0.101074,5,355.429688
1,63914036,63914034,63914446,63914388,896,195,355
0,-0.472656,7,355.407715
1,63914025,63914040,63914440,63914421,933,196,355
0,-0.361816,27,355.451660
1,63914043,63914013,63914467,63914382,930,197,355
0,-0.350098,13,355.385742
1,63914346,63914228,63914764,63914602,928,198,355
0,-0.355957,20,355.429688
1,63913901,63914167,63914313,63914530,909,199,355
0,-0.229980,16,355.319824
1,63913913,63914141,63914339,63914509,931,200,355
0,-0.132324,8,355.363770
1,63914101,63913967,63914513,63914320,897,201,355
0,-0.092285,4,355.429688
1,63913906,63914157,63914323,63914519,913,202,355
0,-0.140137,7,355.385742
1,63914032,63914031,63914449,63914385,904,203,355
0,-0.115723,3,355.451660
1,63914109,63913950,63914530,63914310,916,204,355
0,-0.139160,10,355.473633
1,63914227,63914353,63914639,63914719,912,205,355
0,-0.243652,8,355.407715
1,63914028,63914041,63914439,63914400,903,206,355
0,-0.293457,7,355.319824
1,63914238,63914327,63914665,63914698,936,207,355
0,-0.390625,9,355.451660
1,63914368,63914185,63914807,63914568,964,208,355
0,-0.131348,25,355.407715
1,63913884,63914171,63914309,63914554,947,209,355
0,-0.120605,31,355.385742
1,63914140,63913916,63914564,63914299,946,210,355
0,-0.410156,26,355.429688
1,63914186,63914370,63914622,63914754,961,211,355
0,-0.236816,22,355.451660
1,63914352,63914226,63914766,63914580,900,212,355
0,-0.349121,7,355.451660
1,63914365,63914204,63914788,63914566,920,213,355
0,0.000000,7,355.363770
1,63914220,63914352,63914640,63914717,920,214,355
0,-0.042969,10,355.407715
1,63914315,63914247,63914745,63914628,951,215,355
0,-0.455078,29,355.385742
1,63913972,63914095,63914385,63914451,901,216,355
0,-0.447266,6,355.385742
1,63914116,63913924,63914556,63914308,966,217,355
0,-0.301270,15,355.363770
1,63914282,63914294,63914698,63914656,912,218,355
0,-0.263184,8,355.363770
1,63914379,63914181,63914811,63914553,943,219,355
0,-0.035156,10,355.407715
1,63913978,63914086,63914394,63914447,911,220,355
0,-0.011719,6,355.407715
1,63914119,63913923,63914557,63914301,957,221,355
0,-0.216309,28,355.385742
1,63914208,63914369,63914623,63914738,919,222,355
0,0.077637,10,355.385742
1,63914185,63914370,63914622,63914750,958,223,355
0,-0.035156,15,355.385742
1,63914187,63914369,63914623,63914751,959,224,355
0,-0.085449,15,355.341797
1,63914213,63914360,63914632,63914733,928,225,355
0,0.027344,14,355.385742
1,63914265,63914301,63914691,63914678,941,226,355
0,-0.119629,12,355.363770
1,63914150,63913911,63914569,63914277,920,227,355
0,0.039062,13,355.495605
1,63914171,63913877,63914603,63914250,944,228,355
0,-0.201660,6,355.429688
1,63914302,63914269,63914723,63914638,926,229,355
0,-0.136230,9,355.297852
1,63914268,63914297,63914695,63914672,940,230,355
0,-0.039062,12,355.385742
1,63914292,63914287,63914705,63914645,904,231,355
0,-0.192871,6,355.429688
1,63914267,63914300,63914692,63914682,946,232,355
0,-0.251465,17,355.341797
1,63914364,63914208,63914784,63914569,916,233,355
0,-0.081543,5,355.341797
1,63914145,63913917,63914563,63914297,936,234,355
0,-0.403320,19,355.385742
1,63914066,63913987,63914493,63914368,947,235,355
0,0.023438,13,355.407715
1,63914067,63913980,63914500,63914359,952,236,355
0,-0.169434,13,355.451660
1,63913997,63914062,63914418,63914436,932,237,355
0,-0.344238,15,355.473633
1,63913892,63914170,63914310,63914547,932,238,355
0,-0.104004,13,355.385742
1,63913905,63914160,63914320,63914528,918,239,355
0,-0.074707,13,355.341797
1,63913994,63914047,63914433,63914429,962,240,355
0,-0.344238,14,355.451660
1,63913981,63914076,63914404,63914444,927,241,355
0,0.000000,4,355.429688
1,63914312,63914258,63914734,63914624,924,242,355
0,-0.011719,9,355.429688
1,63914016,63914044,63914436,63914422,936,243,355
0,-0.035156,14,355.407715
1,63914110,63913940,63914540,63914314,943,244,355
0,-0.267090,8,355.385742
1,63914024,63914040,63914440,63914406,917,245,355
0,-0.170410,9,355.385742
1,63913896,63914167,63914313,63914539,925,246,355
0,-0.115723,15,355.451660
1,63914291,63914293,63914699,63914657,905,247,355
0,-0.061035,10,355.517578
1,63914172,63913881,63914599,63914246,928,248,355
0,-0.243652,7,355.363770
1,63914209,63914363,63914629,63914736,930,249,355
0,-0.061035,9,355.407715
1,63914099,63913968,63914512,63914325,903,250,355
0,-0.120605,6,355.451660
1,63914099,63913973,63914507,63914332,899,251,355
0,-0.135254,9,355.385742
1,63913967,63914102,63914378,63914467,910,252,355
0,-0.116699,6,355.319824
1,63914043,63914011,63914469,63914379,931,253,355
0,-0.220215,26,355.407715
1,63914025,63914042,63914438,63914410,916,254,355
0,0.100098,8,355.363770
1,63914331,63914242,63914750,63914617,931,255,355
0,-0.069824,10,355.451660
1,63914235,63914337,63914655,63914700,918,256,355
0,-0.515625,7,355.429688
1,63914146,63913910,63914570,63914284,936,257,355
0,0.023438,12,355.407715
1,63914103,63913968,63914512,63914328,901,258,355
0,-0.089355,8,355.429688
1,63914042,63914023,63914457,63914380,905,259,355
0,0.007812,5,355.385742
1,63914351,63914228,63914764,63914589,907,260,355
0,-0.151855,10,355.429688
1,63913911,63914156,63914324,63914519,910,261,355
0,-0.247559,9,355.451660
1,63913917,63914136,63914344,63914502,930,262,355
0,-0.010742,4,355.429688
1,63913911,63914152,63914328,63914507,905,263,355
0,-0.140137,4,355.341797
1,63913906,63914159,63914321,63914518,907,264,355
0,-0.041992,5,355.341797
1,63913986,63914067,63914413,63914442,940,265,355
0,-0.170410,7,355.429688
1,63914357,63914221,63914771,63914583,910,266,355
0,-0.019531,5,355.429688
1,63914319,63914245,63914747,63914623,945,267,355
0,-0.363770,16,355.319824
1,63914238,63914320,63914672,63914697,951,268,355
0,-0.136230,13,355.385742
1,63914238,63914321,63914671,63914695,946,269,355
0,0.007812,3,355.517578
1,63914208,63914363,63914629,63914742,938,270,355
0,-0.239746,12,355.363770
1,63914257,63914311,63914681,63914695,947,271,355
0,-0.263184,11,355.385742
1,63913995,63914054,63914426,63914439,957,272,355
0,-0.231934,11,355.363770
1,63914068,63913980,63914500,63914361,953,273,355
0,0.062012,12,355.319824
1,63914090,63913977,63914503,63914356,928,274,355
0,-0.065918,17,355.429688
1,63913901,63914165,63914315,63914523,905,275,355
0,-0.046875,6,355.429688
1,63914192,63914376,63914616,63914755,941,276,355
0,-0.309082,14,355.429688
1,63914258,63914300,63914692,63914690,966,277,355
0,-0.111816,10,355.385742
1,63914208,63914362,63914630,63914733,930,278,355
0,-0.068848,6,355.297852
1,63914024,63914040,63914440,63914421,934,279,355
0,-0.084473,13,355.473633
1,63913974,63914084,63914396,63914458,933,280,355
0,-0.194824,13,355.231934
1,63913906,63914162,63914318,63914531,916,281,355
0,-0.170410,12,355.429688
1,63914139,63913916,63914564,63914288,934,282,355
0,-0.080566,12,355.385742
1,63913992,63914055,63914425,63914436,954,283,355
0,-0.200684,7,355.363770
1,63913940,63914108,63914372,63914494,959,284,355
0,0.039062,13,355.385742
1,63913894,63914171,63914309,63914541,920,285,355
0,0.015625,20,355.451660
1,63914362,63914221,63914771,63914576,896,286,355
0,-0.151855,6,355.363770
1,63914231,63914332,63914660,63914703,938,287,355
0,-0.097168,2,355.429688
1,63914051,63914011,63914469,63914377,919,288,355
0,-0.457031,9,355.451660
1,63913988,63914068,63914412,63914439,932,289,355
0,-0.115723,3,355.385742
1,63914236,63914340,63914652,63914700,910,290,355
0,-0.077637,6,355.407715
1,63914221,63914356,63914636,63914717,910,291,355
0,-0.089355,6,355.407715
1,63914103,63913965,63914515,63914326,906,292,355
0,-0.558594,8,355.407715
1,63913915,63914152,63914328,63914508,901,293,355
0,-0.077637,3,355.385742
1,63914234,63914346,63914646,63914703,901,294,355
0,-0.169434,4,355.385742
1,63913976,63914094,63914386,63914458,907,295,355
0,-0.316895,9,355.253906
1,63914355,63914226,63914766,63914586,904,296,355
0,-0.074707,7,355.385742
1,63914288,63914287,63914705,63914656,921,297,355
0,-0.239746,9,355.319824
1,63914012,63914044,63914436,63914420,938,298,355
0,-0.003906,9,355.473633
1,63914038,63914029,63914451,63914391,909,299,355
0,-0.120605,6,355.385742
1,63914292,63914290,63914702,63914650,903,300,355
0,-0.085449,7,355.451660
1,63913935,63914115,63914365,63914495,950,301,355
0,0.084473,9,355.407715
1,63914345,63914237,63914755,63914602,909,302,355
0,0.065918,10,355.341797
1,63914031,63914037,63914443,63914404,913,303,355
0,-0.015625,10,355.341797
1,63914325,63914237,63914755,63914615,947,304,355
0,-0.031250,13,355.407715
1,63913969,63914098,63914382,63914468,918,305,355
0,0.023438,10,355.319824
1,63914167,63913904,63914576,63914265,903,306,355
0,-0.128418,7,355.385742
1,63914359,63914220,63914772,63914575,900,307,355
0,-0.325684,9,355.363770
1,63913984,63914070,63914410,63914441,934,308,355
0,-0.132324,5,355.473633
1,63913874,63914174,63914306,63914555,953,309,355
0,0.102051,14,355.407715
1,63913996,63914059,63914421,63914438,943,310,355
0,-0.243652,12,355.429688
1,63914174,63913890,63914590,63914254,914,311,355
0,-0.235840,5,355.429688
1,63914359,63914217,63914775,63914573,905,312,355
0,-0.031250,5,355.363770
1,63914294,63914279,63914713,63914641,916,313,355
0,-0.089355,1,355.495605
1,63914294,63914289,63914703,63914643,894,314,355
0,-0.169434,6,355.429688
1,63914196,63914371,63914621,63914749,941,315,355
0,-0.099121,21,355.473633
1,63914318,63914243,63914749,63914624,952,316,355
0,-0.299316,17,355.429688
1,63914375,63914187,63914805,63914562,944,317,355
0,0.039062,15,355.429688
1,63913961,63914102,63914378,63914465,914,318,355
0,-0.120605,9,355.363770
1,63914360,63914216,63914776,63914574,907,319,355
0,-0.089355,5,355.341797
1,63914167,63913896,63914584,63914250,904,320,355
0,-0.144043,6,355.429688
1,63914244,63914328,63914664,63914697,925,321,355
0,-0.092285,5,355.385742
1,63914304,63914261,63914731,63914629,932,322,355
0,0.000000,13,355.495605
1,63914039,63914032,63914448,63914384,892,323,355
0,-0.466797,4,355.385742
1,63914190,63914370,63914622,63914752,954,324,355
0,-0.206543,19,355.363770
1,63914265,63914300,63914692,63914680,946,325,355
0,-0.216309,14,355.341797
1,63914319,63914260,63914732,63914630,918,326,355
0,-0.200684,11,355.275879
1,63914132,63913916,63914564,63914293,948,327,355
0,-0.212402,24,355.363770
1,63914235,63914330,63914662,63914699,933,328,355
0,-0.315918,8,355.407715
1,63913908,63914155,63914325,63914509,904,329,355
0,0.061035,4,355.341797
1,63913981,63914076,63914404,63914441,924,330,355
0,-0.316895,5,355.341797
1,63914077,63913984,63914496,63914356,927,331,355
0,-0.023438,16,355.253906
1,63914117,63913939,63914541,63914313,936,332,355
0,-0.291504,29,355.473633
1,63914180,63913872,63914608,63914245,939,333,355
0,-0.177246,10,355.407715
1,63914226,63914351,63914641,63914709,906,334,355
0,-0.428711,7,355.341797
1,63914208,63914364,63914628,63914733,925,335,355
0,-0.011719,13,355.495605
1,63914182,63914380,63914612,63914758,947,336,355
0,-0.367676,15,355.363770
1,63914148,63913912,63914568,63914281,925,337,355
0,-0.039062,10,355.341797
