1,63914099,63914118,63914362,63914349,579,0,355
0,-0.295410,29,355.363770
1,63913952,63914284,63914196,63914496,534,1,355
0,-0.212402,19,355.363770
1,63913988,63914268,63914212,63914487,519,2,355
0,-0.337402,31,355.363770
1,63913891,63914332,63914148,63914556,564,3,355
0,-0.116699,14,355.407715
1,63914357,63913886,63914594,63914107,537,4,355
0,-0.124512,22,355.407715
1,63914335,63913905,63914575,63914113,525,5,355
0,-0.224121,24,355.429688
1,63914197,63914032,63914448,63914248,547,6,355
0,-0.345215,25,355.407715
1,63914169,63914050,63914430,63914266,559,7,355
0,-0.432617,16,355.451660
1,63914137,63914107,63914373,63914310,514,8,355
0,-0.301270,29,355.429688
1,63914050,63914177,63914303,63914383,538,9,355
0,-0.193848,16,355.429688
1,63913908,63914323,63914157,63914531,536,10,355
0,-0.237793,18,355.407715
1,63913908,63914307,63914173,63914539,582,11,355
0,-0.202637,21,355.451660
1,63914323,63913903,63914577,63914118,550,12,355
0,-0.181152,13,355.473633
1,63914313,63913904,63914576,63914099,537,13,355
0,-0.371582,30,355.407715
1,63914300,63913923,63914557,63914143,559,14,355
0,-0.042969,7,355.429688
1,63914316,63913910,63914570,63914121,545,15,355
0,-0.458984,17,355.385742
1,63914308,63913909,63914571,63914106,539,16,355
0,-0.196777,35,355.407715
1,63914238,63913989,63914491,63914193,536,17,355
0,-0.359863,18,355.429688
1,63914293,63913950,63914530,63914145,506,18,355
0,-0.585938,27,355.473633
1,63914346,63913902,63914578,63914082,483,19,355
0,-0.316895,17,355.341797
1,63914234,63913995,63914485,63914203,538,20,355
0,-0.143066,19,355.341797
1,63914339,63913911,63914569,63914089,478,21,355
0,-0.325684,26,355.385742
1,63913909,63914312,63914168,63914523,551,22,355
0,-0.177246,10,355.385742
1,63913888,63914340,63914140,63914564,558,23,355
0,-0.448242,33,355.429688
1,63913917,63914300,63914180,63914496,538,24,355
0,-0.350098,32,355.429688
1,63913979,63914270,63914210,63914489,527,25,355
0,-0.517578,23,355.407715
1,63914020,63914235,63914245,63914445,510,26,355
0,-0.120605,13,355.363770
1,63914075,63914159,63914321,63914366,531,27,355
0,-0.229004,22,355.473633
1,63914057,63914195,63914285,63914418,528,28,355
0,-0.170410,13,355.473633
1,63914054,63914162,63914318,63914383,568,29,355
0,-0.170410,9,355.363770
1,63914109,63914122,63914358,63914332,538,30,355
0,-0.263184,14,355.363770
1,63914262,63913975,63914505,63914180,525,31,355
0,-0.179199,25,355.407715
1,63914195,63914039,63914441,63914249,534,32,355
0,-0.085449,13,355.473633
1,63914050,63914193,63914287,63914419,543,33,355
0,-0.193848,18,355.341797
1,63913974,63914251,63914229,63914456,539,34,355
0,-0.400391,32,355.385742
1,63914355,63913891,63914589,63914098,517,35,355
0,-0.101074,20,355.385742
1,63914109,63914104,63914376,63914306,550,36,355
0,-0.062012,25,355.451660
1,63914327,63913904,63914576,63914119,544,37,355
0,-0.224121,31,355.385742
1,63913902,63914351,63914129,63914549,498,38,355
0,-0.092285,23,355.429688
1,63913981,63914278,63914202,63914478,493,39,355
0,-0.109863,23,355.385742
1,63913947,63914317,63914163,63914533,506,40,355
0,-0.245605,22,355.429688
1,63913945,63914305,63914175,63914510,510,41,355
0,-0.507812,37,355.495605
1,63913880,63914352,63914128,63914568,544,42,355
0,-0.285645,22,355.429688
1,63914047,63914173,63914307,63914383,551,43,355
0,-0.127441,7,355.363770
1,63914060,63914177,63914303,63914391,536,44,355
0,-0.445312,40,355.363770
1,63914229,63914007,63914473,63914218,533,45,355
0,-0.144043,22,355.385742
1,63914382,63914356,63914636,63914567,545,46,355
0,-0.320801,14,355.407715
1,63914047,63914169,63914311,63914387,565,47,355
0,-0.147949,13,355.429688
1,63914088,63914162,63914318,63914353,493,48,355
0,-0.405273,19,355.495605
1,63914135,63914088,63914392,63914308,559,49,355
0,-0.351074,25,355.407715
1,63914335,63913909,63914571,63914116,519,50,355
0,-0.255371,18,355.473633
1,63913930,63914315,63914165,63914533,531,51,355
0,-0.174316,13,355.473633
1,63913904,63914322,63914158,63914549,564,52,355
0,-0.410156,28,355.341797
1,63913979,63914259,63914221,63914441,497,53,355
0,-0.144043,26,355.429688
1,63914060,63914169,63914311,63914376,537,54,355
0,-0.237793,14,355.429688
1,63914241,63913974,63914506,63914172,543,55,355
0,-0.396484,25,355.363770
1,63913918,63914294,63914186,63914514,572,56,355
0,-0.283691,13,355.429688
1,63914215,63914029,63914451,63914215,494,57,355
0,-0.351074,21,355.429688
1,63914363,63914371,63914621,63914557,520,58,355
0,-0.062012,27,355.341797
1,63913928,63914294,63914186,63914477,517,59,355
0,-0.181152,18,355.429688
1,63914106,63914148,63914332,63914364,518,60,355
0,-0.294434,23,355.407715
1,63914300,63913921,63914559,63914128,546,61,355
0,-0.568359,42,355.385742
1,63914000,63914268,63914212,63914479,496,62,355
0,-0.222168,26,355.341797
1,63914157,63914091,63914389,63914276,489,63,355
0,-0.575195,25,355.451660
1,63914322,63913911,63914569,63914119,533,64,355
0,-0.146973,9,355.473633
1,63913980,63914246,63914234,63914456,544,65,355
0,-0.326660,10,355.385742
1,63914212,63914032,63914448,63914218,494,66,355
0,-0.235840,25,355.451660
1,63913888,63914327,63914153,63914526,544,67,355
0,-0.321777,37,355.473633
1,63914079,63914149,63914331,63914365,548,68,355
0,-0.289551,27,355.341797
1,63914236,63914008,63914472,63914225,531,69,355
0,-0.185059,26,355.407715
1,63913906,63914332,63914148,63914542,530,70,355
0,-0.173340,19,355.363770
1,63914065,63914170,63914310,63914374,526,71,355
0,-0.155762,16,355.341797
1,63914183,63914045,63914435,63914251,537,72,355
0,-0.015625,4,355.451660
1,63914059,63914217,63914263,63914413,469,73,355
0,-0.154785,10,355.451660
1,63914191,63914036,63914444,63914248,545,74,355
0,-0.429688,17,355.363770
1,63914301,63913912,63914568,63914109,544,75,355
0,0.003906,28,355.407715
1,63914080,63914171,63914309,63914384,518,76,355
0,-0.244629,19,355.495605
1,63914318,63913907,63914573,63914118,546,77,355
0,-0.247559,15,355.407715
1,63913930,63914298,63914182,63914501,533,78,355
0,-0.315918,19,355.473633
1,63914104,63914147,63914333,63914364,523,79,355
0,-0.345215,24,355.407715
1,63913914,63914337,63914143,63914525,489,80,355
0,-0.470703,29,355.495605
1,63914149,63914072,63914408,63914286,554,81,355
0,-0.077637,13,355.341797
1,63913922,63914302,63914178,63914478,506,82,355
0,-0.233887,21,355.451660
1,63914057,63914184,63914296,63914402,536,83,355
0,-0.150879,18,355.341797
1,63914184,63914051,63914429,63914271,545,84,355
0,-0.169434,19,355.429688
1,63914355,63913885,63914595,63914097,530,85,355
0,-0.098145,23,355.363770
1,63914112,63914094,63914386,63914290,551,86,355
0,-0.007812,23,355.495605
1,63913930,63914340,63914140,63914541,482,87,355
0,-0.003906,11,355.473633
1,63914065,63914217,63914263,63914405,452,88,355
0,-0.119629,11,355.363770
1,63914133,63914090,63914390,63914307,555,89,355
0,-0.186035,31,355.429688
1,63914184,63914037,63914443,63914226,525,90,355
0,-0.319824,26,355.451660
1,63914228,63914015,63914465,63914216,513,91,355
0,-0.129395,12,355.385742
1,63914023,63914224,63914256,63914398,477,92,355
0,-0.405273,18,355.341797
1,63914239,63914012,63914468,63914224,517,93,355
0,-0.175293,19,355.407715
1,63914241,63914023,63914457,63914234,500,94,355
0,-0.341309,24,355.407715
1,63914304,63913913,63914567,63914126,558,95,355
0,-0.263184,12,355.385742
1,63913913,63914300,63914180,63914515,565,96,355
0,0.132324,12,355.385742
1,63914040,63914191,63914289,63914406,544,97,355
0,-0.312988,20,355.517578
1,63914211,63914019,63914461,63914229,539,98,355
0,-0.263184,25,355.473633
1,63914340,63913902,63914578,63914116,530,99,355
0,-0.121582,16,355.341797
1,63914109,63914103,63914377,63914292,536,100,355
0,-0.084473,24,355.385742
1,63914136,63914095,63914385,63914300,532,101,355
0,-0.076660,12,355.429688
1,63914256,63913969,63914511,63914158,520,102,355
0,-0.154785,26,355.363770
1,63914013,63914224,63914256,63914409,502,103,355
0,-0.224121,22,355.429688
1,63914185,63914069,63914411,63914270,500,104,355
0,-0.259277,15,355.341797
1,63914298,63913934,63914546,63914115,503,105,355
0,-0.101074,26,355.385742
1,63914036,63914213,63914267,63914418,511,106,355
0,-0.468750,28,355.407715
1,63914229,63914002,63914478,63914215,541,107,355
0,-0.306152,16,355.429688
1,63913929,63914302,63914178,63914520,547,108,355
0,-0.120605,12,355.429688
1,63914139,63914091,63914389,63914280,514,109,355
0,-0.459961,22,355.473633
1,63913931,63914300,63914180,63914501,527,110,355
0,-0.212402,9,355.407715
1,63914040,63914177,63914303,63914404,574,111,355
0,-0.399414,21,355.363770
1,63914241,63913989,63914491,63914191,530,112,355
0,-0.179199,13,355.451660
1,63913992,63914264,63914216,63914478,513,113,355
0,-0.301270,18,355.363770
1,63914170,63914054,63914426,63914266,548,114,355
0,-0.299316,17,355.451660
1,63913888,63914339,63914141,63914555,550,115,355
0,-0.255371,24,355.363770
1,63914198,63914040,63914440,63914225,500,116,355
0,-0.432617,23,355.429688
1,63914058,63914208,63914272,63914416,494,117,355
0,-0.237793,22,355.363770
1,63914173,63914045,63914435,63914265,565,118,355
0,-0.397461,11,355.363770
1,63914363,63914376,63914616,63914592,550,119,355
0,-0.301270,18,355.473633
1,63914106,63914123,63914357,63914321,526,120,355
0,-0.507812,35,355.341797
1,63914253,63913979,63914501,63914187,534,121,355
0,-0.233887,14,355.385742
1,63914009,63914239,63914241,63914436,503,122,355
0,-0.104980,28,355.385742
1,63914277,63913954,63914526,63914176,552,123,355
0,-0.329590,28,355.429688
1,63913971,63914263,63914217,63914477,539,124,355
0,-0.354004,26,355.451660
1,63914209,63914023,63914457,63914234,538,125,355
0,-0.251465,19,355.473633
1,63914026,63914231,63914249,63914431,496,126,355
0,-0.178223,14,355.319824
1,63914231,63913991,63914489,63914214,564,127,355
0,-0.285645,20,355.385742
1,63913925,63914304,63914176,63914499,523,128,355
0,-0.525391,34,355.341797
1,63914161,63914052,63914428,63914280,580,129,355
0,-0.087402,21,355.407715
1,63914381,63914372,63914620,63914588,533,130,355
0,-0.015625,7,355.451660
1,63914106,63914108,63914372,63914306,544,131,355
0,-0.015625,29,355.429688
1,63914307,63913907,63914573,63914123,565,132,355
0,-0.259277,17,355.495605
1,63914109,63914109,63914371,63914312,545,133,355
0,-0.393555,33,355.473633
1,63913978,63914277,63914203,63914487,510,134,355
0,-0.183105,19,355.341797
1,63914185,63914046,63914434,63914253,534,135,355
0,-0.460938,13,355.385742
1,63913913,63914312,63914168,63914524,547,136,355
0,-0.441406,15,355.341797
1,63914252,63914008,63914472,63914214,499,137,355
0,-0.188965,15,355.495605
1,63914018,63914233,63914247,63914440,511,138,355
0,-0.265137,16,355.473633
1,63914372,63913874,63914606,63914091,528,139,355
0,-0.065918,19,355.363770
1,63914099,63914128,63914352,63914345,551,140,355
0,-0.035156,14,355.385742
1,63913894,63914324,63914156,63914546,567,141,355
0,-0.093262,16,355.429688
1,63914110,63914116,63914364,63914340,560,142,355
0,0.046875,13,355.407715
1,63913912,63914312,63914168,63914531,557,143,355
0,-0.225098,20,355.407715
1,63914086,63914141,63914339,63914353,545,144,355
0,-0.092285,24,355.385742
1,63913925,63914305,63914175,63914502,524,145,355
0,-0.366699,35,355.473633
1,63914258,63913978,63914502,63914185,528,146,355
0,-0.121582,20,355.429688
1,63913986,63914232,63914248,63914444,555,147,355
0,-0.190918,19,355.473633
1,63914345,63913896,63914584,63914105,525,148,355
0,-0.373535,19,355.429688
1,63914143,63914079,63914401,63914301,563,149,355
0,-0.183105,21,355.451660
1,63914286,63913929,63914551,63914143,561,150,355
0,-0.077637,8,355.341797
1,63913924,63914296,63914184,63914473,512,151,355
0,0.011719,15,355.341797
1,63914158,63914086,63914394,63914292,518,152,355
0,-0.137207,8,355.407715
1,63913887,63914355,63914125,63914562,521,153,355
0,-0.293457,24,355.473633
1,63913977,63914251,63914229,63914462,543,154,355
0,-0.243652,9,355.407715
1,63914131,63914091,63914389,63914311,560,155,355
0,-0.285645,16,355.407715
1,63914071,63914152,63914328,63914374,561,156,355
0,-0.328613,21,355.473633
1,63914014,63914252,63914228,63914456,490,157,355
0,-0.348145,11,355.451660
1,63914359,63913884,63914596,63914091,520,158,355
0,-0.150879,23,355.407715
1,63914233,63914019,63914461,63914231,516,159,355
0,-0.213379,28,355.473633
1,63914246,63914011,63914469,63914191,472,160,355
0,-0.135254,34,355.363770
1,63914104,63914124,63914356,63914328,534,161,355
0,-0.139160,10,355.473633
1,63914059,63914159,63914321,63914376,561,162,355
0,-0.312988,16,355.385742
1,63913925,63914295,63914185,63914501,546,163,355
0,-0.185059,17,355.473633
1,63914350,63914382,63914610,63914600,560,164,355
0,-0.251465,18,355.429688
1,63914336,63913880,63914600,63914107,575,165,355
0,-0.243652,27,355.429688
1,63914270,63913981,63914499,63914199,524,166,355
0,-0.416992,15,355.363770
1,63914038,63914211,63914269,63914405,498,167,355
0,-0.496094,14,355.341797
1,63913874,63914356,63914124,63914528,494,168,355
0,-0.027344,20,355.385742
1,63914231,63914015,63914465,63914208,500,169,355
0,-0.065918,15,355.319824
1,63914379,63914354,63914638,63914564,550,170,355
0,-0.146973,13,355.429688
1,63913934,63914297,63914183,63914503,533,171,355
0,-0.529297,23,355.473633
1,63914051,63914162,63914318,63914344,526,172,355
0,-0.116699,17,355.451660
1,63914206,63914031,63914449,63914237,526,173,355
0,-0.311035,24,355.385742
1,63914250,63913976,63914504,63914168,523,174,355
0,-0.144043,28,355.429688
1,63914136,63914081,63914399,63914293,557,175,355
0,-0.043945,20,355.429688
1,63914118,63914105,63914375,63914318,551,176,355
0,-0.289551,17,355.385742
1,63914000,63914236,63914244,63914440,525,177,355
0,-0.313965,18,355.363770
1,63914219,63914003,63914477,63914192,524,178,355
0,-0.196777,32,355.451660
1,63914043,63914183,63914297,63914396,547,179,355
0,-0.354004,18,355.407715
1,63913885,63914341,63914139,63914515,502,180,355
0,-0.031250,25,355.363770
1,63914109,63914099,63914381,63914281,532,181,355
0,-0.112793,17,355.385742
1,63914338,63913900,63914580,63914101,519,182,355
0,-0.096191,19,355.363770
1,63914199,63914015,63914465,63914233,567,183,355
0,-0.077637,28,355.429688
1,63914083,63914168,63914312,63914380,517,184,355
0,-0.150879,11,355.429688
1,63914119,63914099,63914381,63914314,559,185,355
0,-0.372559,26,355.429688
1,63914104,63914109,63914371,63914328,570,186,355
0,-0.363770,16,355.407715
1,63914028,63914218,63914262,63914424,516,187,355
0,-0.027344,24,355.407715
1,63914129,63914099,63914381,63914309,541,188,355
0,-0.394531,22,355.429688
1,63914163,63914054,63914426,63914251,539,189,355
0,0.035156,41,355.407715
1,63914245,63913985,63914495,63914208,554,190,355
0,-0.119629,18,355.363770
1,63914299,63913959,63914521,63914139,471,191,355
0,-0.367676,34,355.451660
1,63913976,63914258,63914222,63914449,512,192,355
0,-0.402344,34,355.363770
1,63914007,63914228,63914252,63914431,525,193,355
0,-0.144043,17,355.429688
1,63914009,63914227,63914253,63914436,531,194,355
0,-0.453125,29,355.407715
1,63914070,63914164,63914316,63914374,534,195,355
0,-0.311035,25,355.385742
1,63914155,63914092,63914388,63914285,499,196,355
0,-0.196777,13,355.407715
1,63914259,63913966,63914514,63914180,550,197,355
0,-0.347168,24,355.429688
1,63914176,63914063,63914417,63914273,528,198,355
0,0.023438,14,355.451660
1,63914181,63914080,63914400,63914275,485,199,355
0,-0.239746,11,355.429688
1,63914163,63914069,63914411,63914283,541,200,355
0,-0.365723,26,355.319824
1,63914118,63914111,63914369,63914313,531,201,355
0,-0.237793,10,355.341797
1,63914206,63914015,63914465,63914232,558,202,355
0,-0.188965,22,355.297852
1,63914339,63913905,63914575,63914089,492,203,355
0,0.124512,18,355.429688
1,63914190,63914043,63914437,63914248,530,204,355
0,-0.480469,18,355.473633
1,63914344,63913905,63914575,63914086,483,205,355
0,-0.042969,15,355.407715
1,63914304,63913941,63914539,63914149,519,206,355
0,-0.136230,19,355.495605
1,63913897,63914338,63914142,63914562,550,207,355
0,-0.363770,22,355.451660
1,63913892,63914326,63914154,63914542,560,208,355
0,-0.123535,23,355.429688
1,63913931,63914302,63914178,63914498,519,209,355
0,-0.140137,8,355.407715
1,63914045,63914183,63914297,63914379,525,210,355
0,-0.398438,35,355.363770
1,63914114,63914141,63914339,63914342,499,211,355
0,-0.085449,17,355.407715
1,63914091,63914157,63914323,63914357,506,212,355
0,-0.247559,20,355.341797
1,63914015,63914224,63914256,63914437,532,213,355
0,-0.537109,21,355.451660
1,63914023,63914230,63914250,63914403,469,214,355
0,-0.104004,13,355.407715
1,63913918,63914298,63914182,63914482,525,215,355
0,0.003906,20,355.385742
1,63913994,63914226,63914254,63914438,553,216,355
0,-0.281738,20,355.451660
1,63914073,63914161,63914319,63914370,533,217,355
0,-0.344238,22,355.407715
1,63914008,63914243,63914237,63914460,523,218,355
0,-0.088379,17,355.451660
1,63914015,63914222,63914258,63914425,523,219,355
0,-0.210449,15,355.363770
1,63913995,63914239,63914241,63914457,544,220,355
0,0.015625,10,355.407715
1,63914063,63914163,63914317,63914368,538,221,355
0,-0.003906,11,355.341797
1,63914041,63914194,63914286,63914387,513,222,355
0,0.023438,10,355.407715
1,63914073,63914160,63914320,63914369,534,223,355
0,-0.340332,21,355.407715
1,63914076,63914171,63914309,63914390,530,224,355
0,-0.286621,18,355.385742
1,63914076,63914165,63914315,63914381,533,225,355
0,-0.398438,15,355.429688
1,63913880,63914344,63914136,63914560,553,226,355
0,-0.144043,29,355.363770
1,63914362,63914376,63914616,63914558,511,227,355
0,-0.065918,29,355.363770
1,63914184,63914038,63914442,63914244,544,228,355
0,-0.347168,16,355.407715
1,63914175,63914052,63914428,63914225,499,229,355
0,-0.045898,17,355.407715
1,63914057,63914172,63914308,63914378,536,230,355
0,-0.210449,10,355.429688
1,63913931,63914301,63914179,63914505,530,231,355
0,-0.194824,16,355.385742
1,63913956,63914294,63914186,63914491,500,232,355
0,-0.405273,27,355.385742
1,63913910,63914341,63914139,63914540,502,233,355
0,-0.081543,20,355.385742
1,63914266,63913969,63914511,63914173,526,234,355
0,-0.129395,20,355.429688
1,63914310,63913912,63914568,63914099,521,235,355
0,-0.132324,24,355.341797
1,63914249,63913987,63914493,63914151,478,236,355
0,-0.085449,16,355.363770
1,63914073,63914156,63914324,63914375,551,237,355
0,-0.360840,28,355.451660
1,63913973,63914248,63914232,63914449,539,238,355
0,-0.263184,36,355.429688
1,63914032,63914214,63914266,63914418,513,239,355
0,-0.046875,18,355.539551
1,63913977,63914276,63914204,63914487,513,240,355
0,-0.322754,21,355.495605
1,63914001,63914250,63914230,63914473,530,241,355
0,-0.429688,17,355.363770
1,63913882,63914369,63914111,63914588,525,242,355
0,-0.345215,12,355.473633
1,63914367,63914362,63914630,63914566,547,243,355
0,-0.621094,39,355.473633
1,63914182,63914038,63914442,63914245,547,244,355
0,-0.521484,38,355.407715
1,63914043,63914187,63914293,63914382,521,245,355
0,-0.128418,7,355.429688
1,63913987,63914237,63914243,63914453,553,246,355
0,-0.498047,18,355.429688
1,63914216,63914023,63914457,63914222,516,247,355
0,-0.309082,17,355.451660
1,63914058,63914169,63914311,63914338,494,248,355
0,-0.169434,14,355.385742
1,63913994,63914253,63914227,63914469,526,249,355
0,0.007812,12,355.429688
1,63913930,63914297,63914183,63914505,540,250,355
0,0.003906,14,355.363770
1,63913953,63914304,63914176,63914517,511,251,355
0,-0.472656,12,355.407715
1,63913979,63914242,63914238,63914446,543,252,355
0,-0.150879,10,355.495605
1,63914217,63914030,63914450,63914232,510,253,355
0,-0.098145,26,355.473633
1,63914236,63913993,63914487,63914173,505,254,355
0,-0.023438,29,355.429688
1,63914032,63914212,63914268,63914410,509,255,355
0,-0.204590,18,355.385742
1,63914374,63914379,63914613,63914587,524,256,355
0,-0.007812,9,355.385742
1,63914238,63913982,63914498,63914175,531,257,355
0,0.030273,30,355.407715
1,63914222,63914003,63914477,63914199,528,258,355
0,-0.151855,40,355.407715
1,63914102,63914119,63914361,63914309,526,259,355
0,-0.218262,25,355.473633
1,63914288,63913938,63914542,63914161,559,260,355
0,-0.318848,23,355.429688
1,63914108,63914107,63914373,63914305,543,261,355
0,-0.340332,32,355.473633
1,63914069,63914150,63914330,63914373,567,262,355
0,-0.509766,20,355.473633
1,63914182,63914076,63914404,63914286,506,263,355
0,-0.068848,25,355.429688
1,63914279,63913937,63914543,63914164,575,264,355
0,-0.239746,24,355.385742
1,63914122,63914102,63914378,63914282,511,265,355
0,0.010742,16,355.495605
1,63914363,63914380,63914612,63914589,537,266,355
0,-0.360840,42,355.385742
1,63914117,63914108,63914372,63914299,523,267,355
0,-0.147949,27,355.429688
1,63914109,63914108,63914372,63914299,532,268,355
0,-0.108887,23,355.385742
1,63914170,63914077,63914403,63914291,524,269,355
0,-0.089355,22,355.363770
1,63914086,63914168,63914312,63914380,513,270,355
0,-0.332520,15,355.407715
1,63913962,63914283,63914197,63914464,487,271,355
0,-0.076660,18,355.363770
1,63913939,63914295,63914185,63914503,532,272,355
0,-0.318848,20,355.407715
1,63914007,63914227,63914253,63914396,486,273,355
0,-0.096191,22,355.407715
1,63913927,63914297,63914183,63914509,548,274,355
0,-0.533203,21,355.407715
1,63914344,63914377,63914615,63914608,588,275,355
0,-0.251465,22,355.363770
1,63914344,63913893,63914587,63914098,525,276,355
0,-0.362793,18,355.407715
1,63913952,63914297,63914183,63914480,485,277,355
0,-0.124512,22,355.363770
1,63913985,63914236,63914244,63914444,547,278,355
0,-0.065918,8,355.385742
1,63913905,63914331,63914149,63914547,539,279,355
0,-0.062012,25,355.363770
1,63914324,63913908,63914572,63914118,537,280,355
0,-0.394531,20,355.341797
1,63913941,63914290,63914190,63914460,491,281,355
0,-0.123535,20,355.429688
1,63913926,63914294,63914186,63914503,550,282,355
0,-0.255371,15,355.407715
1,63913872,63914354,63914126,63914566,546,283,355
0,-0.453125,23,355.451660
1,63914005,63914220,63914260,63914435,551,284,355
0,-0.285645,20,355.473633
1,63914128,63914120,63914360,63914334,523,285,355
0,-0.117676,17,355.451660
1,63914137,63914079,63914401,63914268,531,286,355
0,-0.003906,21,355.363770
1,63914201,63914038,63914442,63914242,521,287,355
0,-0.333496,20,355.451660
1,63914190,63914044,63914436,63914253,533,288,355
0,-0.212402,37,355.407715
1,63914038,63914184,63914296,63914384,537,289,355
0,-0.338379,38,355.517578
1,63914326,63913897,63914583,63914082,518,290,355
0,-0.077637,13,355.429688
1,63914280,63913963,63914517,63914167,517,291,355
0,-0.108887,20,355.451660
1,63913977,63914252,63914228,63914470,550,292,355
0,-0.104004,15,355.429688
1,63913936,63914298,63914182,63914495,519,293,355
0,-0.188965,21,355.473633
1,63914060,63914170,63914310,63914373,531,294,355
0,-0.026367,21,355.429688
1,63914255,63913969,63914511,63914181,548,295,355
0,-0.322754,24,355.319824
1,63914066,63914163,63914317,63914371,538,296,355
0,-0.208496,21,355.363770
1,63913900,63914322,63914158,63914525,540,297,355
0,0.023438,14,355.451660
1,63914174,63914051,63914429,63914219,496,298,355
0,-0.003906,17,355.407715
1,63914305,63913919,63914561,63914092,503,299,355
0,-0.019531,17,355.407715
1,63914029,63914199,63914281,63914397,527,300,355
0,-0.046875,14,355.407715
1,63914172,63914044,63914436,63914252,553,301,355
0,-0.131348,12,355.429688
1,63914248,63913969,63914511,63914184,560,302,355
0,-0.439453,18,355.385742
1,63914347,63913879,63914601,63914080,533,303,355
0,0.065918,15,355.451660
1,63913902,63914326,63914154,63914530,534,304,355
0,-0.027344,15,355.407715
1,63913915,63914308,63914172,63914490,514,305,355
0,-0.081543,29,355.363770
1,63914139,63914075,63914405,63914298,573,306,355
0,-0.265137,33,355.429688
1,63914302,63913910,63914570,63914097,533,307,355
0,-0.072754,22,355.407715
1,63914097,63914129,63914351,63914319,520,308,355
0,-0.186035,41,355.429688
1,63914299,63913919,63914561,63914102,521,309,355
0,0.011719,22,355.473633
1,63914000,63914256,63914224,63914460,502,310,355
0,-0.146973,13,355.451660
1,63914145,63914083,63914397,63914291,539,311,355
0,-0.321777,26,355.451660
1,63913881,63914363,63914117,63914554,500,312,355
0,-0.069824,24,355.429688
1,63914063,63914199,63914281,63914396,486,313,355
0,-0.077637,13,355.407715
1,63914257,63913973,63914507,63914176,531,314,355
0,-0.186035,12,355.429688
1,63914171,63914043,63914437,63914261,567,315,355
0,-0.226074,12,355.341797
1,63914327,63913902,63914578,63914113,541,316,355
0,-0.101074,22,355.429688
1,63913965,63914295,63914185,63914462,453,317,355
0,0.027344,14,355.385742
1,63914182,63914074,63914406,63914276,499,318,355
0,-0.015625,15,355.473633
1,63914229,63913988,63914492,63914191,546,319,355
0,-0.353027,39,355.451660
1,63914334,63913920,63914560,63914126,506,320,355
0,-0.173340,18,355.429688
1,63913920,63914312,63914168,63914533,550,321,355
0,-0.089355,16,355.385742
1,63914076,63914152,63914328,63914366,546,322,355
0,-0.100098,23,355.429688
1,63914368,63914382,63914610,63914592,530,323,355
0,-0.171387,14,355.407715
1,63914136,63914093,63914387,63914296,532,324,355
0,-0.186035,21,355.473633
1,63914176,63914046,63914434,63914231,519,325,355
0,-0.193848,27,355.407715
1,63914320,63913940,63914540,63914146,499,326,355
0,-0.088379,14,355.429688
1,63914042,63914172,63914308,63914383,559,327,355
0,-0.251465,8,355.451660
1,63914154,63914092,63914388,63914304,523,328,355
0,-0.470703,28,355.473633
1,63914179,63914040,63914440,63914232,531,329,355
0,-0.116699,24,355.429688
1,63913918,63914298,63914182,63914505,552,330,355
0,-0.312988,11,355.429688
1,63913971,63914272,63914208,63914484,526,331,355
0,-0.228027,21,355.451660
1,63913913,63914300,63914180,63914497,544,332,355
0,-0.096191,30,355.473633
1,63914048,63914166,63914314,63914377,559,333,355
0,-0.129395,15,355.363770
1,63914084,63914151,63914329,63914363,536,334,355
0,-0.371582,15,355.341797
1,63914172,63914054,63914426,63914233,507,335,355
0,-0.085449,28,355.407715
1,63914248,63913980,63914500,63914185,536,336,355
0,-0.104980,16,355.363770
1,63914039,63914172,63914308,63914377,555,337,355
0,-0.472656,38,355.385742
1,63914129,63914100,63914380,63914307,537,338,355
0,-0.090332,27,355.319824
1,63914210,63914044,63914436,63914254,511,339,355
0,-0.252441,14,355.473633
1,63914383,63913879,63914601,63914076,486,340,355
0,-0.317871,19,355.407715
1,63914035,63914217,63914263,63914418,503,341,355
0,-0.360840,27,355.385742
1,63914148,63914085,63914395,63914256,490,342,355
0,-0.170410,31,355.473633
1,63914306,63913925,63914555,63914143,547,343,355
0,-0.169434,13,355.495605
1,63914288,63913929,63914551,63914132,546,344,355
0,-0.251465,40,355.473633
1,63914034,63914232,63914248,63914394,441,345,355
0,-0.112793,11,355.429688
1,63913901,63914357,63914123,63914563,502,346,355
0,-0.177246,22,355.429688
1,63914229,63913996,63914484,63914209,548,347,355
0,-0.247559,12,355.429688
1,63914180,63914040,63914440,63914248,548,348,355
0,-0.204590,14,355.495605
1,63914267,63913970,63914510,63914134,477,349,355
0,-0.116699,28,355.385742
1,63913955,63914301,63914179,63914506,503,350,355
0,-0.255371,16,355.385742
1,63914382,63914356,63914636,63914564,541,351,355
0,-0.114746,23,355.495605
1,63914342,63913897,63914583,63914097,517,352,355
0,-0.146973,24,355.429688
1,63914377,63914355,63914637,63914566,552,353,355
0,-0.363770,22,355.385742
