1,63914155,63913875,63915629,63915289,3387,0,355
0,-0.155762,17,355.451660
1,63914299,63914234,63915782,63915661,3413,1,355
0,-0.393555,25,355.319824
1,63914381,63914164,63915852,63915588,3395,2,355
0,-0.480469,31,355.429688
1,63914005,63914035,63915469,63915458,3386,3,355
0,-0.515625,41,355.429688
1,63913970,63914051,63915453,63915481,3416,4,355
0,-0.441406,16,355.385742
1,63913973,63914061,63915443,63915468,3374,5,355
0,-0.355957,10,355.385742
1,63914253,63914297,63915719,63915714,3381,6,355
0,-0.039062,35,355.473633
1,63914176,63914358,63915658,63915786,3413,7,355
0,-0.340332,33,355.407715
1,63914353,63914186,63915830,63915611,3403,8,355
0,-0.228027,17,355.363770
1,63914329,63914208,63915808,63915629,3401,9,355
0,-0.537109,15,355.341797
1,63914019,63914026,63915478,63915433,3361,10,355
0,-0.312012,23,355.341797
1,63914139,63913904,63915600,63915312,3365,11,355
0,-0.136230,26,355.429688
1,63914306,63914231,63915785,63915654,3403,12,355
0,-0.171387,29,355.297852
1,63914357,63914178,63915838,63915601,3406,13,355
0,-0.174316,19,355.429688
1,63913972,63914056,63915448,63915475,3395,14,355
0,-0.015625,18,355.429688
1,63914167,63914379,63915637,63915787,3375,15,355
0,-0.092285,17,355.363770
1,63914169,63914365,63915651,63915786,3405,16,355
0,-0.097168,19,355.429688
1,63914268,63914286,63915730,63915698,3371,17,355
0,-0.353027,31,355.385742
1,63913925,63914103,63915401,63915522,3395,18,355
0,-0.231934,33,355.407715
1,63914035,63914006,63915498,63915413,3366,19,355
0,-0.093262,16,355.451660
1,63914300,63914238,63915778,63915661,3402,20,355
0,-0.120605,25,355.341797
1,63913960,63914075,63915429,63915496,3389,21,355
0,-0.396484,27,355.451660
1,63913977,63914044,63915460,63915469,3410,22,355
0,-0.285645,28,355.363770
1,63914067,63913965,63915539,63915385,3392,23,355
0,-0.386719,26,355.363770
1,63914189,63914357,63915659,63915774,3386,24,355
0,-0.290527,29,355.319824
1,63914167,63914366,63915650,63915787,3406,25,355
0,0.015625,14,355.341797
1,63914174,63914363,63915653,63915785,3402,26,355
0,-0.221191,31,355.363770
1,63914245,63914298,63915718,63915702,3374,27,355
0,-0.356934,7,355.385742
1,63914269,63914279,63915737,63915704,3393,28,355
0,-0.173340,34,355.451660
1,63913890,63914149,63915355,63915567,3381,29,355
0,-0.189941,26,355.319824
1,63914170,63914371,63915645,63915787,3390,30,355
0,-0.111816,27,355.341797
1,63914095,63913932,63915572,63915353,3399,31,355
0,-0.252441,15,355.451660
1,63914301,63914232,63915784,63915658,3412,32,355
0,-0.320801,21,355.385742
1,63914298,63914237,63915779,63915656,3401,33,355
0,-0.007812,20,355.341797
1,63914354,63914175,63915841,63915598,3413,34,355
0,-0.035156,18,355.385742
1,63913947,63914087,63915417,63915504,3386,35,355
0,-0.088379,28,355.341797
1,63913966,63914062,63915442,63915486,3401,36,355
0,-0.527344,22,355.385742
1,63914172,63914361,63915655,63915789,3414,37,355
0,-0.419922,22,355.495605
1,63914163,63914382,63915634,63915798,3386,38,355
0,-0.401367,18,355.341797
1,63914348,63914195,63915821,63915615,3393,39,355
0,-0.186035,22,355.385742
1,63913909,63914114,63915390,63915540,3409,40,355
0,-0.397461,15,355.319824
1,63914036,63914003,63915501,63915409,3367,41,355
0,0.023438,16,355.363770
1,63914137,63913898,63915606,63915315,3385,42,355
0,-0.132324,28,355.385742
1,63914300,63914236,63915780,63915664,3410,43,355
0,-0.316895,22,355.473633
1,63914225,63914311,63915705,63915735,3406,44,355
0,-0.316895,23,355.385742
1,63914213,63914329,63915687,63915751,3396,45,355
0,-0.147949,26,355.451660
1,63914372,63914163,63915853,63915588,3408,46,355
0,-0.244629,30,355.363770
1,63914066,63913960,63915544,63915382,3401,47,355
0,-0.448242,34,355.451660
1,63914103,63913918,63915586,63915345,3413,48,355
0,-0.119629,27,355.385742
1,63914129,63913904,63915600,63915321,3387,49,355
0,-0.147949,35,355.385742
1,63914272,63914268,63915748,63915685,3393,50,355
0,-0.143066,24,355.275879
1,63913914,63914107,63915397,63915534,3413,51,355
0,-0.259277,25,355.451660
1,63913872,63914160,63915344,63915585,3397,52,355
0,-0.456055,37,355.407715
1,63913886,63914156,63915348,63915565,3367,53,355
0,-0.066895,25,355.407715
1,63913978,63914039,63915465,63915462,3413,54,355
0,0.015625,16,355.363770
1,63913987,63914040,63915464,63915464,3402,55,355
0,-0.231934,31,355.363770
1,63914209,63914343,63915673,63915758,3376,56,355
0,-0.023438,27,355.319824
1,63914288,63914249,63915767,63915669,3400,57,355
0,-0.243652,25,355.451660
1,63913973,63914059,63915445,63915473,3385,58,355
0,-0.279785,20,355.319824
1,63914163,63914371,63915645,63915804,3419,59,355
0,-0.348145,19,355.363770
1,63914183,63914360,63915656,63915787,3401,60,355
0,-0.398438,25,355.407715
1,63914256,63914284,63915732,63915714,3408,61,355
0,-0.316895,39,355.429688
1,63913913,63914110,63915394,63915538,3412,62,355
0,-0.453125,13,355.495605
1,63914039,63913981,63915523,63915404,3409,63,355
0,-0.023438,18,355.341797
1,63914217,63914328,63915688,63915747,3389,64,355
0,-0.281738,26,355.341797
1,63914255,63914290,63915726,63915710,3390,65,355
0,-0.128418,33,355.319824
1,63914357,63914172,63915844,63915605,3424,66,355
0,-0.247559,23,355.429688
1,63914001,63914024,63915480,63915454,3412,67,355
0,-0.416992,36,355.385742
1,63914254,63914295,63915721,63915724,3396,68,355
0,-0.188965,26,355.473633
1,63914032,63913992,63915512,63915420,3410,69,355
0,-0.531250,24,355.385742
1,63914057,63913972,63915532,63915395,3399,70,355
0,-0.112793,28,355.407715
1,63914152,63913891,63915613,63915310,3378,71,355
0,-0.521484,24,355.385742
1,63914214,63914351,63915665,63915756,3349,72,355
0,-0.317871,23,355.429688
1,63914357,63914179,63915837,63915606,3409,73,355
0,-0.410156,19,355.385742
1,63913934,63914099,63915405,63915519,3390,74,355
0,-0.405273,34,355.319824
1,63913910,63914114,63915390,63915533,3400,75,355
0,0.031250,21,355.407715
1,63914373,63914160,63915856,63915591,3417,76,355
0,-0.224121,30,355.407715
1,63913875,63914153,63915351,63915573,3396,77,355
0,-0.011719,27,355.429688
1,63913900,63914123,63915381,63915546,3406,78,355
0,-0.190918,17,355.385742
1,63913977,63914047,63915457,63915464,3397,79,355
0,-0.150879,6,355.319824
1,63914052,63913976,63915528,63915396,3396,80,355
0,-0.359863,37,355.429688
1,63914039,63913981,63915523,63915408,3414,81,355
0,-0.243652,19,355.363770
1,63914093,63913940,63915564,63915362,3393,82,355
0,-0.501953,16,355.319824
1,63914239,63914292,63915724,63915718,3414,83,355
0,0.065918,27,355.297852
1,63913896,63914139,63915365,63915555,3383,84,355
0,-0.133301,24,355.341797
1,63914371,63914162,63915854,63915584,3407,85,355
0,-0.003906,33,355.363770
1,63914360,63914178,63915838,63915599,3400,86,355
0,-0.239746,23,355.451660
1,63913923,63914104,63915400,63915523,3396,87,355
0,-0.076660,24,355.517578
1,63914092,63913925,63915579,63915371,3440,88,355
0,-0.316895,27,355.407715
1,63914064,63913975,63915529,63915388,3375,89,355
0,0.062012,35,355.429688
1,63914165,63914362,63915654,63915799,3432,90,355
0,-0.309082,22,355.341797
1,63914230,63914307,63915709,63915731,3405,91,355
0,-0.084473,21,355.473633
1,63914325,63914217,63915799,63915649,3408,92,355
0,-0.482422,38,355.429688
1,63914312,63914226,63915790,63915654,3408,93,355
0,-0.239746,34,355.385742
1,63914305,63914230,63915786,63915657,3410,94,355
0,-0.310059,20,355.385742
1,63913968,63914068,63915436,63915480,3378,95,355
0,-0.154785,16,355.407715
1,63914003,63914032,63915472,63915460,3397,96,355
0,-0.431641,40,355.363770
1,63914106,63913921,63915583,63915342,3399,97,355
0,-0.293457,21,355.429688
1,63914293,63914240,63915776,63915669,3415,98,355
0,-0.325684,19,355.429688
1,63914310,63914238,63915778,63915658,3387,99,355
0,-0.480469,30,355.319824
1,63914184,63914360,63915656,63915778,3389,100,355
0,-0.316895,29,355.407715
1,63914285,63914259,63915757,63915671,3382,101,355
0,-0.247559,16,355.429688
1,63914036,63913982,63915522,63915409,3416,102,355
0,-0.212402,13,355.495605
1,63914024,63914017,63915487,63915433,3376,103,355
0,-0.220215,24,355.407715
1,63914153,63913877,63915627,63915304,3402,104,355
0,-0.243652,27,355.341797
1,63914255,63914290,63915726,63915706,3386,105,355
0,-0.194824,27,355.407715
1,63913876,63914147,63915357,63915578,3415,106,355
0,-0.312988,35,355.363770
1,63914375,63914166,63915850,63915586,3395,107,355
0,-0.069824,25,355.385742
1,63914111,63913911,63915593,63915336,3409,108,355
0,-0.150879,28,355.407715
1,63914068,63913963,63915541,63915385,3395,109,355
0,-0.240723,32,355.363770
1,63914031,63913993,63915511,63915428,3419,110,355
0,-0.355957,23,355.385742
1,63914208,63914321,63915695,63915766,3439,111,355
0,-0.521484,33,355.451660
1,63914362,63914175,63915841,63915600,3406,112,355
0,-0.462891,25,355.407715
1,63914067,63913965,63915539,63915395,3403,113,355
0,-0.397461,40,355.429688
1,63913929,63914099,63915405,63915527,3406,114,355
0,-0.352051,26,355.407715
1,63913985,63914039,63915465,63915462,3405,115,355
0,-0.023438,23,355.363770
1,63913966,63914064,63915440,63915496,3408,116,355
0,-0.536133,28,355.473633
1,63914029,63914006,63915498,63915419,3380,117,355
0,-0.204590,13,355.341797
1,63913911,63914108,63915396,63915535,3415,118,355
0,-0.281738,24,355.407715
1,63913913,63914107,63915397,63915530,3409,119,355
0,0.150879,11,355.385742
1,63914066,63913966,63915538,63915386,3392,120,355
0,-0.096191,33,355.341797
1,63914022,63914011,63915493,63915434,3394,121,355
0,-0.293457,28,355.429688
1,63913930,63914103,63915401,63915521,3388,122,355
0,-0.455078,31,355.385742
1,63914350,63914185,63915831,63915603,3400,123,355
0,-0.255371,12,355.363770
1,63913980,63914041,63915463,63915471,3416,124,355
0,-0.311035,17,355.385742
1,63913977,63914052,63915452,63915468,3390,125,355
0,0.104980,21,355.319824
1,63914208,63914342,63915674,63915760,3382,126,355
0,-0.039062,27,355.297852
1,63914359,63914169,63915847,63915605,3429,127,355
0,-0.460938,17,355.429688
1,63914248,63914291,63915725,63915718,3406,128,355
0,-0.332520,35,355.407715
1,63914354,63914186,63915830,63915603,3393,129,355
0,-0.120605,17,355.385742
1,63913963,63914083,63915421,63915498,3369,130,355
0,-0.449219,23,355.407715
1,63913997,63914031,63915473,63915451,3396,131,355
0,-0.374512,19,355.341797
1,63914006,63914027,63915477,63915451,3395,132,355
0,-0.144043,34,355.429688
1,63913977,63914055,63915449,63915464,3379,133,355
0,-0.187012,5,355.385742
1,63913974,63914053,63915451,63915471,3395,134,355
0,-0.232910,16,355.407715
1,63914022,63914012,63915492,63915441,3400,135,355
0,-0.457031,26,355.517578
1,63913910,63914117,63915387,63915538,3399,136,355
0,-0.256348,14,355.385742
1,63913921,63914109,63915395,63915528,3393,137,355
0,-0.003906,23,355.429688
1,63913967,63914055,63915449,63915480,3409,138,355
0,-0.425781,17,355.341797
1,63913981,63914044,63915460,63915465,3401,139,355
0,0.034180,13,355.385742
1,63913916,63914109,63915395,63915531,3402,140,355
0,-0.360840,23,355.341797
1,63913917,63914105,63915399,63915530,3409,141,355
0,-0.313965,24,355.407715
1,63913904,63914125,63915379,63915558,3410,142,355
0,-0.324707,28,355.341797
1,63913959,63914084,63915420,63915500,3374,143,355
0,-0.348145,28,355.429688
1,63913939,63914092,63915412,63915522,3405,144,355
0,-0.398438,28,355.363770
1,63913911,63914121,63915383,63915536,3386,145,355
0,-0.214355,18,355.297852
1,63914325,63914217,63915799,63915647,3406,146,355
0,-0.432617,39,355.319824
1,63913902,63914133,63915371,63915546,3380,147,355
0,-0.455078,19,355.385742
1,63914341,63914189,63915827,63915633,3436,148,355
0,-0.460938,34,355.341797
1,63913962,63914076,63915428,63915494,3382,149,355
0,-0.228027,20,355.297852
1,63913938,63914100,63915404,63915509,3372,150,355
0,-0.611328,17,355.407715
1,63914109,63913915,63915589,63915341,3408,151,355
0,-0.097168,26,355.363770
1,63914261,63914287,63915729,63915710,3390,152,355
0,-0.123535,33,355.319824
1,63914237,63914306,63915710,63915714,3379,153,355
0,-0.432617,9,355.473633
1,63914110,63913916,63915588,63915336,3399,154,355
0,-0.112793,19,355.341797
1,63913994,63914043,63915461,63915466,3389,155,355
0,-0.285645,29,355.297852
1,63914031,63914002,63915502,63915421,3389,156,355
0,-0.085449,23,355.429688
1,63914041,63913985,63915519,63915404,3397,157,355
0,-0.030273,17,355.473633
1,63914133,63913900,63915604,63915320,3390,158,355
0,-0.212402,28,355.363770
1,63914378,63914160,63915856,63915588,3408,159,355
0,-0.413086,37,355.451660
1,63914117,63913912,63915592,63915332,3395,160,355
0,-0.302246,28,355.407715
1,63914359,63914170,63915846,63915598,3419,161,355
0,-0.127441,31,355.407715
1,63913888,63914147,63915357,63915570,3392,162,355
0,-0.456055,28,355.385742
1,63914169,63914362,63915654,63915786,3412,163,355
0,-0.418945,21,355.275879
1,63913901,63914124,63915380,63915552,3409,164,355
0,-0.498047,25,355.385742
1,63913954,63914081,63915423,63915500,3387,165,355
0,-0.529297,27,355.429688
1,63914202,63914335,63915681,63915761,3407,166,355
0,0.027344,32,355.407715
1,63914357,63914183,63915833,63915604,3397,167,355
0,-0.128418,30,355.429688
1,63913933,63914097,63915407,63915523,3401,168,355
0,-0.243652,39,355.473633
1,63914339,63914218,63915798,63915628,3365,169,355
0,-0.305176,30,355.363770
1,63914097,63913929,63915575,63915349,3399,170,355
0,-0.416992,18,355.385742
1,63914378,63914152,63915864,63915586,3424,171,355
0,-0.190918,35,355.407715
1,63913922,63914100,63915404,63915523,3407,172,355
0,-0.438477,27,355.363770
1,63914001,63914030,63915474,63915448,3390,173,355
0,-0.402344,14,355.429688
1,63914289,63914246,63915770,63915675,3413,174,355
0,-0.189941,26,355.341797
1,63913954,63914069,63915435,63915495,3409,175,355
0,-0.358887,24,355.363770
1,63914076,63913959,63915545,63915380,3389,176,355
0,-0.194824,31,355.385742
1,63914130,63913906,63915598,63915319,3379,177,355
0,-0.193848,35,355.407715
1,63914340,63914201,63915815,63915621,3395,178,355
0,-0.039062,21,355.363770
1,63914039,63913979,63915525,63915406,3416,179,355
0,-0.120605,18,355.363770
1,63914283,63914282,63915734,63915687,3349,180,355
0,-0.323730,29,355.407715
1,63913963,63914055,63915449,63915493,3429,181,355
0,-0.537109,18,355.319824
1,63914011,63914024,63915480,63915449,3394,182,355
0,-0.470703,38,355.319824
1,63913993,63914029,63915475,63915457,3413,183,355
0,-0.131348,35,355.385742
1,63914023,63914007,63915497,63915435,3403,184,355
0,-0.192871,25,355.319824
1,63914084,63913961,63915543,63915367,3360,185,355
0,-0.154785,24,355.407715
1,63914166,63914366,63915650,63915791,3412,186,355
0,-0.100098,15,355.473633
1,63913909,63914113,63915391,63915538,3409,187,355
0,-0.410156,25,355.363770
1,63914035,63913987,63915517,63915405,3401,188,355
0,-0.332520,9,355.385742
1,63914156,63913877,63915627,63915292,3385,189,355
0,-0.327637,15,355.407715
1,63914218,63914319,63915697,63915750,3413,190,355
0,-0.131348,23,355.363770
1,63914027,63914019,63915485,63915432,3367,191,355
0,-0.027344,26,355.363770
1,63914222,63914322,63915694,63915740,3389,192,355
0,-0.174316,26,355.341797
1,63913911,63914108,63915396,63915539,3420,193,355
0,-0.386719,16,355.319824
1,63914138,63913900,63915604,63915315,3379,194,355
0,-0.255371,35,355.429688
1,63914229,63914306,63915710,63915726,3402,195,355
0,-0.363770,16,355.385742
1,63914293,63914255,63915761,63915664,3374,196,355
0,0.035156,16,355.429688
1,63913967,63914071,63915433,63915485,3378,197,355
0,0.066895,21,355.341797
1,63914200,63914354,63915662,63915767,3372,198,355
0,-0.174316,30,355.407715
1,63914070,63913957,63915547,63915382,3403,199,355
0,-0.293457,32,355.429688
1,63914233,63914296,63915720,63915725,3420,200,355
0,-0.305176,24,355.363770
1,63914238,63914302,63915714,63915720,3394,201,355
0,-0.027344,24,355.451660
1,63914354,63914185,63915831,63915607,3400,202,355
0,-0.239746,21,355.473633
1,63913997,63914032,63915472,63915459,3403,203,355
0,-0.435547,41,355.385742
1,63914353,63914179,63915837,63915612,3421,204,355
0,-0.371582,21,355.319824
1,63913919,63914108,63915396,63915526,3395,205,355
0,-0.097168,24,355.407715
1,63914227,63914319,63915697,63915736,3386,206,355
0,-0.236816,14,355.429688
1,63914012,63914014,63915490,63915446,3413,207,355
0,-0.068848,33,355.407715
1,63914298,63914250,63915766,63915669,3386,208,355
0,-0.200684,21,355.319824
1,63914037,63913986,63915518,63915408,3405,209,355
0,-0.353027,18,355.407715
1,63914126,63913909,63915595,63915323,3381,210,355
0,-0.079590,29,355.451660
1,63913889,63914137,63915367,63915571,3415,211,355
0,-0.267090,31,355.341797
1,63914049,63913975,63915529,63915396,3402,212,355
0,-0.100098,27,355.341797
1,63914356,63914192,63915824,63915605,3379,213,355
0,-0.305176,22,355.341797
1,63914232,63914304,63915712,63915727,3405,214,355
0,-0.069824,20,355.385742
1,63913983,63914036,63915468,63915464,3416,215,355
0,-0.463867,31,355.385742
1,63914346,63914191,63915825,63915617,3407,216,355
0,-0.295410,19,355.429688
1,63914131,63913906,63915598,63915325,3385,217,355
0,-0.217285,31,355.363770
1,63914107,63913919,63915585,63915343,3403,218,355
0,0.023438,23,355.407715
1,63914204,63914339,63915677,63915764,3399,219,355
0,-0.257324,33,355.341797
1,63913974,63914047,63915457,63915472,3410,220,355
0,-0.092285,20,355.385742
1,63914237,63914299,63915717,63915720,3402,221,355
0,-0.101074,30,355.429688
1,63914100,63913929,63915575,63915348,3394,222,355
0,-0.196777,24,355.407715
1,63914155,63914376,63915640,63915805,3417,223,355
0,-0.420898,21,355.429688
1,63913917,63914098,63915406,63915528,3423,224,355
0,0.073730,28,355.407715
1,63914156,63913874,63915630,63915301,3402,225,355
0,-0.337402,23,355.341797
1,63914230,63914302,63915714,63915729,3414,226,355
0,-0.591797,13,355.451660
1,63913954,63914082,63915422,63915502,3387,227,355
0,-0.231934,30,355.385742
1,63914040,63913992,63915512,63915406,3385,228,355
0,-0.192871,17,355.451660
1,63914200,63914330,63915686,63915761,3421,229,355
0,-0.155762,27,355.363770
1,63914283,63914265,63915751,63915680,3381,230,355
0,-0.065918,22,355.297852
1,63914035,63913993,63915511,63915415,3399,231,355
0,-0.031250,17,355.363770
1,63914354,63914189,63915827,63915610,3394,232,355
0,-0.297363,20,355.319824
1,63914081,63913952,63915552,63915374,3393,233,355
0,-0.413086,26,355.429688
1,63914116,63913914,63915590,63915335,3395,234,355
0,-0.285645,39,355.407715
1,63914317,63914223,63915793,63915646,3400,235,355
0,-0.301270,35,355.341797
1,63914166,63914365,63915651,63915788,3410,236,355
0,-0.092285,21,355.451660
1,63914181,63914356,63915660,63915777,3401,237,355
0,-0.349121,28,355.407715
1,63914288,63914254,63915762,63915671,3390,238,355
0,-0.073730,17,355.473633
1,63913974,63914055,63915449,63915476,3396,239,355
0,-0.484375,20,355.429688
1,63914171,63914362,63915654,63915782,3405,240,355
0,-0.127441,22,355.385742
1,63913915,63914118,63915386,63915533,3385,241,355
0,-0.281738,22,355.341797
1,63914163,63914365,63915651,63915799,3427,242,355
0,-0.316895,18,355.407715
1,63914381,63914161,63915855,63915584,3397,243,355
0,-0.331543,36,355.385742
1,63914175,63914357,63915659,63915779,3408,244,355
0,-0.417969,22,355.407715
1,63914294,63914254,63915762,63915673,3386,245,355
0,-0.449219,18,355.341797
1,63913920,63914104,63915400,63915523,3400,246,355
0,-0.085449,23,355.385742
1,63914177,63914362,63915654,63915782,3397,247,355
0,-0.417969,32,355.341797
1,63914006,63914022,63915482,63915446,3401,248,355
0,-0.077637,32,355.385742
1,63914109,63913910,63915594,63915332,3409,249,355
0,-0.319824,13,355.363770
1,63914225,63914302,63915714,63915737,3429,250,355
0,-0.453125,21,355.429688
1,63914376,63914155,63915861,63915583,3416,251,355
0,-0.412109,36,355.385742
1,63914036,63913989,63915515,63915409,3400,252,355
0,-0.065918,15,355.363770
1,63914238,63914300,63915716,63915720,3399,253,355
0,-0.355957,21,355.341797
1,63914373,63914166,63915850,63915588,3400,254,355
0,-0.144043,30,355.539551
1,63913893,63914138,63915366,63915554,3388,255,355
0,-0.421875,18,355.407715
1,63914214,63914323,63915693,63915736,3392,256,355
0,-0.185059,12,355.407715
1,63914314,63914226,63915790,63915645,3395,257,355
0,-0.301270,17,355.407715
1,63914032,63913982,63915522,63915409,3421,258,355
0,-0.239746,15,355.407715
1,63914353,63914190,63915826,63915611,3394,259,355
0,-0.423828,21,355.341797
1,63914078,63913950,63915554,63915375,3402,260,355
0,-0.089355,25,355.319824
1,63914280,63914259,63915757,63915692,3413,261,355
0,-0.027344,27,355.473633
1,63913981,63914072,63915432,63915478,3351,262,355
0,-0.281738,18,355.429688
1,63914234,63914296,63915720,63915722,3415,263,355
0,-0.409180,18,355.407715
1,63913982,63914040,63915464,63915466,3410,264,355
0,-0.003906,17,355.363770
1,63914037,63913991,63915513,63915405,3389,265,355
0,-0.420898,6,355.385742
1,63914205,63914332,63915684,63915759,3408,266,355
0,-0.340332,27,355.407715
1,63913980,63914044,63915460,63915464,3401,267,355
0,-0.373535,22,355.341797
1,63914193,63914348,63915668,63915768,3395,268,355
0,-0.132324,30,355.363770
1,63914376,63914166,63915850,63915586,3394,269,355
0,-0.341309,27,355.341797
1,63913981,63914047,63915457,63915468,3397,270,355
0,-0.073730,24,355.385742
1,63914094,63913934,63915570,63915353,3395,271,355
0,-0.337402,13,355.363770
1,63914305,63914226,63915790,63915651,3413,272,355
0,-0.063965,28,355.363770
1,63914363,63914171,63915845,63915593,3406,273,355
0,-0.132324,20,355.407715
1,63914085,63913955,63915549,63915374,3381,274,355
0,-0.263184,29,355.341797
1,63914223,63914317,63915699,63915742,3402,275,355
0,-0.039062,26,355.429688
1,63914377,63914168,63915848,63915581,3382,276,355
0,-0.003906,28,355.319824
1,63914171,63914368,63915648,63915784,3393,277,355
0,0.035156,28,355.407715
1,63914289,63914245,63915771,63915671,3410,278,355
0,-0.224121,18,355.363770
1,63914127,63913912,63915592,63915326,3376,279,355
0,-0.212402,35,355.407715
1,63913964,63914063,63915441,63915485,3400,280,355
0,-0.406250,17,355.341797
1,63913882,63914126,63915378,63915566,3443,281,355
0,-0.229980,24,355.429688
1,63914210,63914338,63915678,63915759,3388,282,355
0,-0.460938,28,355.341797
1,63914274,63914269,63915747,63915685,3388,283,355
0,-0.127441,18,355.341797
1,63913969,63914079,63915425,63915478,3348,284,355
0,-0.185059,18,355.319824
1,63913906,63914119,63915385,63915536,3396,285,355
0,-0.224121,16,355.407715
1,63914278,63914266,63915750,63915691,3397,286,355
0,-0.247559,26,355.363770
1,63914357,63914177,63915839,63915601,3408,287,355
0,0.115723,24,355.363770
1,63914292,63914254,63915762,63915664,3378,288,355
0,-0.135254,12,355.385742
1,63914153,63913885,63915619,63915300,3379,289,355
0,-0.151855,23,355.385742
1,63914038,63913985,63915519,63915405,3402,290,355
0,-0.316895,29,355.385742
1,63914227,63914306,63915710,63915728,3407,291,355
0,-0.218262,22,355.429688
1,63913978,63914045,63915459,63915469,3407,292,355
0,-0.357910,19,355.385742
1,63914135,63913894,63915610,63915311,3392,293,355
0,-0.264160,29,355.363770
1,63913989,63914038,63915466,63915460,3400,294,355
0,-0.335449,37,355.407715
1,63914313,63914232,63915784,63915652,3390,295,355
0,-0.120605,28,355.385742
1,63914174,63914368,63915648,63915787,3393,296,355
0,-0.011719,30,355.341797
1,63913981,63914050,63915454,63915466,3388,297,355
0,-0.177246,27,355.429688
1,63914229,63914301,63915715,63915728,3416,298,355
0,-0.317871,19,355.385742
1,63914035,63913999,63915505,63915407,3375,299,355
0,-0.340332,11,355.385742
1,63913892,63914144,63915360,63915560,3382,300,355
0,-0.204590,21,355.363770
1,63914318,63914228,63915788,63915650,3392,301,355
0,-0.089355,31,355.517578
1,63914197,63914356,63915660,63915768,3372,302,355
0,-0.344238,34,355.363770
1,63914109,63913923,63915581,63915339,3387,303,355
0,-0.197754,26,355.363770
1,63913957,63914081,63915423,63915482,3362,304,355
0,-0.192871,14,355.385742
1,63914305,63914226,63915790,63915650,3412,305,355
0,-0.177246,37,355.363770
1,63914305,63914237,63915779,63915652,3388,306,355
0,0.023438,26,355.429688
1,63913974,63914045,63915459,63915469,3412,307,355
0,-0.212402,20,355.363770
1,63913875,63914162,63915342,63915576,3379,308,355
0,-0.150879,32,355.385742
1,63914300,63914231,63915785,63915653,3409,309,355
0,-0.554688,35,355.407715
1,63914211,63914331,63915685,63915751,3394,310,355
0,-0.039062,24,355.429688
1,63913988,63914036,63915468,63915457,3402,311,355
0,0.061035,33,355.363770
1,63914357,63914183,63915833,63915603,3396,312,355
0,-0.281738,19,355.451660
1,63914110,63913910,63915594,63915334,3410,313,355
0,-0.072754,27,355.407715
1,63914324,63914224,63915792,63915642,3385,314,355
0,-0.221191,36,355.363770
1,63914283,63914260,63915756,63915683,3396,315,355
0,-0.131348,26,355.385742
1,63914179,63914361,63915655,63915775,3389,316,355
0,-0.228027,32,355.385742
1,63914117,63913909,63915595,63915334,3405,317,355
0,-0.326660,20,355.407715
1,63913878,63914143,63915361,63915567,3409,318,355
0,-0.123535,26,355.341797
1,63914175,63914363,63915653,63915782,3397,319,355
0,-0.231934,25,355.407715
1,63914056,63913973,63915531,63915388,3389,320,355
0,-0.516602,26,355.341797
1,63914376,63914157,63915859,63915577,3405,321,355
0,-0.330566,26,355.363770
1,63914114,63913917,63915587,63915330,3385,322,355
0,-0.451172,13,355.473633
1,63914133,63913898,63915606,63915322,3397,323,355
0,-0.077637,36,355.363770
1,63914094,63913939,63915565,63915350,3380,324,355
0,0.107910,21,355.363770
1,63914294,63914255,63915761,63915663,3372,325,355
0,0.069824,24,355.407715
1,63914121,63913899,63915605,63915325,3413,326,355
0,-0.445312,32,355.319824
1,63914100,63913928,63915576,63915340,3387,327,355
0,-0.039062,20,355.451660
1,63914054,63913971,63915533,63915388,3396,328,355
0,-0.417969,28,355.407715
1,63913980,63914046,63915458,63915465,3397,329,355
0,-0.132324,31,355.407715
1,63914235,63914301,63915715,63915726,3407,330,355
0,-0.019531,28,355.297852
1,63914042,63913982,63915522,63915401,3400,331,355
0,-0.235840,35,355.363770
1,63913965,63914050,63915454,63915476,3419,332,355
0,-0.132324,12,355.429688
1,63914279,63914263,63915753,63915680,3390,333,355
0,-0.100098,27,355.341797
1,63914084,63913950,63915554,63915372,3392,334,355
0,-0.427734,32,355.363770
1,63914129,63913903,63915601,63915319,3387,335,355
0,-0.263184,34,355.407715
1,63914059,63913974,63915530,63915392,3388,336,355
0,0.112793,31,355.319824
1,63913882,63914153,63915351,63915567,3381,337,355
0,-0.324707,31,355.385742
1,63914334,63914214,63915802,63915623,3374,338,355
0,-0.185059,28,355.319824
1,63913978,63914044,63915460,63915465,3405,339,355
0,-0.289551,26,355.319824
1,63914325,63914216,63915800,63915638,3397,340,355
0,-0.348145,24,355.275879
1,63914212,63914346,63915670,63915748,3354,341,355
0,-0.337402,24,355.407715
1,63914034,63913985,63915519,63915408,3410,342,355
0,-0.039062,28,355.363770
1,63913959,63914068,63915436,63915488,3397,343,355
0,-0.239746,24,355.407715
1,63914368,63914164,63915852,63915588,3410,344,355
0,-0.115723,37,355.451660
1,63914254,63914284,63915732,63915706,3401,345,355
0,-0.333496,24,355.451660
1,63914372,63914152,63915864,63915584,3429,346,355
0,-0.409180,37,355.363770
1,63914215,63914325,63915691,63915746,3397,347,355
0,-0.097168,22,355.385742
1,63914237,63914291,63915725,63915715,3415,348,355
0,-0.116699,32,355.495605
1,63914124,63913900,63915604,63915321,3402,349,355
0,-0.170410,36,355.429688
1,63913920,63914104,63915400,63915511,3386,350,355
0,-0.449219,8,355.363770
1,63914318,63914220,63915796,63915644,3403,351,355
0,-0.081543,34,355.341797
1,63914116,63913907,63915597,63915329,3405,352,355
0,-0.027344,35,355.341797
1,63914215,63914344,63915672,63915748,3355,353,355
0,-0.170410,23,355.407715
1,63914267,63914286,63915730,63915699,3373,354,355
0,-0.505859,34,355.363770
1,63914267,63914285,63915731,63915693,3368,355,355
0,-0.143066,29,355.341797
1,63914063,63913962,63915542,63915383,3401,356,355
0,-0.100098,31,355.363770
1,63914186,63914356,63915660,63915773,3390,357,355
0,-0.178223,34,355.429688
1,63914102,63913918,63915586,63915343,3412,358,355
0,-0.196777,21,355.385742
1,63914020,63914012,63915492,63915427,3386,359,355
0,-0.340332,27,355.363770
1,63913986,63914044,63915460,63915454,3382,360,355
0,-0.042969,29,355.451660
1,63913874,63914154,63915350,63915575,3397,361,355
0,-0.437500,35,355.407715
1,63913908,63914119,63915385,63915536,3394,362,355
0,-0.441406,23,355.385742
1,63913972,63914059,63915445,63915470,3382,363,355
0,-0.039062,22,355.319824
1,63914280,63914246,63915770,63915679,3428,364,355
0,-0.460938,25,355.473633
1,63914243,63914295,63915721,63915700,3381,365,355
0,-0.300293,19,355.429688
1,63914287,63914255,63915761,63915666,3383,366,355
0,-0.340332,20,355.363770
1,63914220,63914343,63915673,63915735,3336,367,355
0,-0.267090,18,355.385742
1,63914299,63914236,63915780,63915653,3399,368,355
0,-0.314941,33,355.385742
1,63914278,63914264,63915752,63915675,3383,369,355
0,-0.093262,20,355.363770
1,63914260,63914290,63915726,63915696,3368,370,355
0,0.003906,28,355.429688
1,63914375,63914168,63915848,63915587,3392,371,355
0,-0.471680,36,355.363770
1,63913886,63914144,63915360,63915567,3397,372,355
0,-0.128418,28,355.363770
1,63913975,63914043,63915461,63915468,3414,373,355
0,-0.243652,28,355.407715
1,63913956,63914067,63915437,63915494,3410,374,355
0,-0.281738,21,355.341797
1,63913893,63914134,63915370,63915550,3393,375,355
0,-0.416992,24,355.341797
1,63914212,63914330,63915686,63915751,3395,376,355
0,-0.301270,23,355.385742
1,63914124,63913903,63915601,63915323,3397,377,355
0,-0.525391,36,355.451660
1,63914218,63914308,63915708,63915739,3426,378,355
0,-0.408203,17,355.319824
1,63914256,63914288,63915728,63915702,3385,379,355
0,-0.259277,32,355.341797
1,63914161,63913880,63915624,63915281,3359,380,355
0,-0.039062,24,355.363770
1,63914168,63914366,63915650,63915789,3407,381,355
0,-0.222168,28,355.407715
1,63914056,63913973,63915531,63915389,3390,382,355
0,-0.500000,40,355.473633
1,63914015,63914012,63915492,63915426,3390,383,355
0,-0.344238,21,355.429688
1,63914018,63914013,63915491,63915430,3389,384,355
0,-0.099121,28,355.407715
1,63914113,63913908,63915596,63915333,3410,385,355
0,-0.062012,30,355.385742
1,63914102,63913918,63915586,63915337,3405,386,355
0,0.144043,23,355.319824
1,63914110,63913913,63915591,63915328,3396,387,355
0,0.132324,27,355.451660
1,63913966,63914079,63915425,63915480,3354,388,355
0,-0.185059,20,355.451660
1,63914033,63913994,63915510,63915416,3400,389,355
0,-0.092285,19,355.407715
1,63914352,63914174,63915842,63915603,3423,390,355
0,-0.127441,23,355.429688
1,63913907,63914114,63915390,63915534,3405,391,355
0,-0.244629,28,355.429688
1,63914035,63913994,63915510,63915412,3393,392,355
0,-0.267090,16,355.297852
1,63913892,63914129,63915375,63915555,3412,393,355
0,-0.359863,20,355.407715
1,63914019,63914011,63915493,63915433,3396,394,355
0,-0.429688,25,355.429688
1,63914153,63913875,63915629,63915293,3394,395,355
0,-0.392578,22,355.495605
1,63914291,63914242,63915774,63915665,3408,396,355
0,0.107910,24,355.363770
1,63914225,63914307,63915709,63915730,3409,397,355
0,0.031250,20,355.407715
1,63914225,63914308,63915708,63915730,3407,398,355
0,-0.389648,19,355.363770
1,63914034,63914002,63915502,63915410,3373,399,355
0,0.092285,20,355.385742
1,63914168,63914361,63915655,63915786,3415,400,355
0,-0.289551,32,355.341797
1,63914212,63914343,63915673,63915748,3361,401,355
0,-0.151855,26,355.363770
1,63914337,63914200,63915816,63915621,3401,402,355
0,-0.169434,25,355.407715
1,63914295,63914240,63915776,63915661,3403,403,355
0,-0.080566,25,355.341797
1,63914312,63914228,63915788,63915649,3397,404,355
0,0.062012,35,355.341797
1,63913881,63914154,63915350,63915570,3383,405,355
0,-0.348145,34,355.407715
1,63914023,63914007,63915497,63915419,3385,406,355
0,-0.026367,20,355.341797
1,63914016,63914013,63915491,63915434,3396,407,355
0,-0.241699,23,355.407715
1,63914118,63913912,63915592,63915324,3385,408,355
0,-0.298340,26,355.451660
1,63914140,63913894,63915610,63915314,3389,409,355
0,-0.374512,35,355.429688
1,63914234,63914297,63915719,63915718,3408,410,355
0,0.115723,32,355.407715
1,63914288,63914253,63915763,63915665,3386,411,355
0,0.107910,21,355.385742
1,63914174,63914360,63915656,63915782,3406,412,355
0,-0.278809,33,355.385742
1,63914186,63914364,63915652,63915780,3380,413,355
0,-0.309082,27,355.363770
1,63914313,63914220,63915796,63915641,3406,414,355
0,-0.337402,28,355.341797
1,63914258,63914283,63915733,63915698,3389,415,355
0,-0.097168,30,355.341797
1,63913901,63914126,63915378,63915539,3389,416,355
0,0.065918,21,355.473633
1,63914354,63914174,63915842,63915601,3419,417,355
0,0.011719,21,355.319824
1,63913920,63914104,63915400,63915515,3390,418,355
0,-0.505859,12,355.341797
