1,63914100,63913958,63916058,63915855,4521,0,355
0,-0.386719,11,355.363770
1,63913962,63914092,63915924,63915991,4528,1,355
0,0.132324,18,355.473633
1,63914273,63914299,63916229,63916203,4527,2,355
0,0.231934,26,355.407715
1,63914164,63913889,63916127,63915791,4533,3,355
0,0.136230,19,355.429688
1,63914265,63914295,63916233,63916205,4548,4,355
0,0.181152,25,355.363770
1,63914128,63913918,63916098,63915827,4549,5,355
0,-0.186035,18,355.495605
1,63914306,63914240,63916288,63916158,4574,6,355
0,-0.156738,19,355.407715
1,63913964,63914088,63915928,63915991,4535,7,355
0,0.212402,19,355.385742
1,63913907,63914153,63915863,63916049,4518,8,355
0,0.027344,18,355.407715
1,63914076,63913973,63916043,63915883,4547,9,355
0,-0.128418,26,355.451660
1,63913916,63914118,63915898,63916026,4562,10,355
0,-0.193848,13,355.385742
1,63914336,63914232,63916296,63916133,4528,11,355
0,-0.175293,22,355.407715
1,63914085,63913958,63916058,63915863,4548,12,355
0,-0.174316,20,355.429688
1,63914364,63914186,63916342,63916099,4563,13,355
0,-0.285645,15,355.451660
1,63913917,63914109,63915907,63916030,4587,14,355
0,-0.034180,14,355.473633
1,63913979,63914054,63915962,63915975,4579,15,355
0,-0.202637,13,355.451660
1,63913968,63914070,63915946,63915986,4567,16,355
0,-0.084473,17,355.385742
1,63913962,63914099,63915917,63915988,4508,17,355
0,0.140137,15,355.429688
1,63914364,63914186,63916342,63916101,4566,18,355
0,-0.046875,12,355.319824
1,63914102,63913936,63916080,63915849,4563,19,355
0,-0.085449,6,355.385742
1,63913999,63914054,63915962,63915955,4532,20,355
0,0.000000,17,355.451660
1,63914378,63914176,63916352,63916088,4558,21,355
0,-0.085449,25,355.451660
1,63914292,63914279,63916249,63916175,4519,22,355
0,0.045898,20,355.473633
1,63913973,63914070,63915946,63915985,4560,23,355
0,-0.186035,12,355.473633
1,63913908,63914147,63915869,63916043,4524,24,355
0,0.189941,20,355.363770
1,63914263,63914295,63916233,63916195,4539,25,355
0,0.194824,18,355.385742
1,63913903,63914143,63915873,63916043,4539,26,355
0,-0.035156,19,355.407715
1,63914008,63914042,63915974,63915952,4546,27,355
0,-0.239746,21,355.429688
1,63913955,63914096,63915920,63915993,4529,28,355
0,0.111816,18,355.341797
1,63914244,63914318,63916210,63916219,4535,29,355
0,0.100098,12,355.385742
1,63914039,63914016,63916000,63915915,4527,30,355
0,0.062012,11,355.407715
1,63914379,63914183,63916345,63916082,4533,31,355
0,-0.289551,18,355.429688
1,63913876,63914170,63915846,63916069,4538,32,355
0,-0.073730,19,355.363770
1,63914166,63913900,63916116,63915787,4500,33,355
0,0.011719,22,355.429688
1,63913874,63914169,63915847,63916073,4547,34,355
0,-0.389648,18,355.407715
1,63914260,63914301,63916227,63916201,4535,35,355
0,0.181152,19,355.385742
1,63914302,63914252,63916276,63916161,4554,36,355
0,-0.111816,11,355.385742
1,63914323,63914228,63916300,63916142,4563,37,355
0,-0.391602,27,355.407715
1,63914022,63914034,63915982,63915932,4525,38,355
0,0.084473,18,355.385742
1,63914268,63914297,63916231,63916204,4539,39,355
0,-0.155762,26,355.407715
1,63913942,63914110,63915906,63916015,4538,40,355
0,-0.081543,24,355.429688
1,63913979,63914056,63915960,63915972,4570,41,355
0,-0.061035,12,355.407715
1,63913925,63914108,63915908,63916023,4572,42,355
0,-0.116699,14,355.407715
1,63914361,63914186,63916342,63916103,4572,43,355
0,0.031250,14,355.363770
1,63913904,63914150,63915866,63916044,4522,44,355
0,-0.313965,8,355.407715
1,63914333,63914231,63916297,63916130,4531,45,355
0,0.015625,21,355.429688
1,63914217,63914348,63916180,63916246,4528,46,355
0,0.117676,17,355.385742
1,63914194,63914371,63916157,63916275,4535,47,355
0,-0.241699,24,355.385742
1,63913895,63914164,63915852,63916058,4516,48,355
0,-0.192871,18,355.429688
1,63914297,63914263,63916265,63916165,4539,49,355
0,-0.023438,9,355.363770
1,63914174,63914379,63916149,63916291,4559,50,355
0,-0.119629,13,355.363770
1,63914172,63913873,63916143,63915777,4545,51,355
0,-0.204590,13,355.473633
1,63914371,63914183,63916345,63916088,4549,52,355
0,-0.214355,26,355.429688
1,63914234,63914317,63916211,63916230,4562,53,355
0,-0.112793,8,355.385742
1,63914065,63913975,63916041,63915878,4549,54,355
0,0.099121,18,355.363770
1,63913964,63914094,63915922,63915987,4516,55,355
0,-0.404297,15,355.385742
1,63914041,63914010,63916006,63915915,4539,56,355
0,-0.007812,9,355.385742
1,63914076,63913975,63916041,63915875,4533,57,355
0,-0.101074,16,355.341797
1,63913983,63914062,63915954,63915961,4539,58,355
0,-0.031250,11,355.319824
1,63913970,63914075,63915941,63915980,4546,59,355
0,0.015625,8,355.495605
1,63913907,63914131,63915885,63916039,4558,60,355
0,-0.064941,8,355.341797
1,63913937,63914110,63915906,63916014,4542,61,355
0,-0.085449,19,355.341797
1,63913911,63914131,63915885,63916036,4549,62,355
0,-0.228027,5,355.429688
1,63914294,63914259,63916269,63916167,4554,63,355
0,-0.212402,7,355.451660
1,63914170,63913874,63916142,63915780,4548,64,355
0,-0.305176,11,355.495605
1,63913942,63914104,63915912,63916011,4547,65,355
0,-0.115723,21,355.451660
1,63914375,63914174,63916354,63916082,4559,66,355
0,-0.205566,23,355.385742
1,63914026,63914032,63915984,63915926,4518,67,355
0,0.089355,15,355.473633
1,63914005,63914042,63915974,63915951,4548,68,355
0,-0.281738,26,355.341797
1,63914000,63914044,63915972,63915957,4556,69,355
0,-0.011719,21,355.473633
1,63914344,63914217,63916311,63916119,4538,70,355
0,-0.116699,18,355.341797
1,63913917,63914112,63915904,63916029,4579,71,355
0,0.039062,19,355.429688
1,63914082,63913970,63916046,63915866,4527,72,355
0,0.181152,22,355.363770
1,63914171,63913885,63916131,63915786,4528,73,355
0,-0.023438,18,355.407715
1,63914221,63914344,63916184,63916243,4529,74,355
0,-0.217285,17,355.407715
1,63914131,63913911,63916105,63915808,4540,75,355
0,0.039062,12,355.473633
1,63914219,63914345,63916183,63916245,4532,76,355
0,-0.372559,20,355.429688
1,63914360,63914194,63916334,63916102,4553,77,355
0,-0.010742,12,355.341797
1,63914380,63914174,63916354,63916079,4549,78,355
0,-0.111816,28,355.341797
1,63914010,63914030,63915986,63915940,4558,79,355
0,-0.109863,20,355.407715
1,63914022,63914034,63915982,63915931,4524,80,355
0,-0.039062,19,355.407715
1,63914113,63913922,63916094,63915829,4560,81,355
0,-0.231934,7,355.429688
1,63914010,63914036,63915980,63915945,4549,82,355
0,0.027344,24,355.407715
1,63914355,63914216,63916312,63916104,4509,83,355
0,-0.146973,9,355.385742
1,63913912,63914121,63915895,63916039,4575,84,355
0,-0.046875,10,355.407715
1,63913979,63914056,63915960,63915975,4574,85,355
0,0.011719,15,355.473633
1,63913941,63914094,63915922,63916003,4562,86,355
0,0.104980,20,355.429688
1,63914322,63914233,63916295,63916146,4558,87,355
0,-0.169434,22,355.451660
1,63913938,63914105,63915911,63916003,4540,88,355
0,-0.231934,15,355.363770
1,63914052,63913982,63916034,63915898,4572,89,355
0,-0.185059,22,355.473633
1,63914216,63914346,63916182,63916248,4536,90,355
0,-0.265137,18,355.495605
1,63914053,63913975,63916041,63915884,4570,91,355
0,-0.104004,13,355.407715
1,63913947,63914105,63915911,63916001,4527,92,355
0,-0.228027,19,355.473633
1,63914170,63913882,63916134,63915784,4534,93,355
0,-0.077637,12,355.473633
1,63913981,63914062,63915954,63915971,4553,94,355
0,-0.228027,11,355.407715
1,63914377,63914170,63916358,63916081,4565,95,355
0,-0.039062,19,355.407715
1,63914372,63914169,63916359,63916083,4575,96,355
0,-0.131348,20,355.429688
1,63913937,63914101,63915915,63916013,4562,97,355
0,-0.187012,21,355.341797
1,63914157,63913881,63916135,63915786,4554,98,355
0,0.192871,19,355.407715
1,63914354,63914215,63916313,63916113,4524,99,355
0,-0.185059,18,355.363770
1,63914333,63914228,63916300,63916125,4532,100,355
0,-0.187012,17,355.407715
1,63914022,63914030,63915986,63915928,4529,101,355
0,-0.014648,13,355.407715
1,63914183,63914363,63916165,63916280,4573,102,355
0,0.039062,24,355.407715
1,63914283,63914276,63916252,63916176,4538,103,355
0,-0.312988,7,355.429688
1,63913936,63914123,63915893,63916022,4522,104,355
0,-0.120605,19,355.407715
1,63914032,63914015,63916001,63915915,4538,105,355
0,-0.096191,8,355.341797
1,63914346,63914229,63916299,63916126,4515,106,355
0,0.146973,24,355.341797
1,63914240,63914314,63916214,63916229,4561,107,355
0,-0.119629,11,355.407715
1,63914209,63914353,63916175,63916245,4525,108,355
0,-0.188965,9,355.429688
1,63913905,63914152,63915864,63916044,4516,109,355
0,0.062012,9,355.407715
1,63913908,63914140,63915876,63916041,4538,110,355
0,-0.031250,10,355.363770
1,63914300,63914248,63916280,63916164,4569,111,355
0,-0.325684,14,355.451660
1,63914017,63914039,63915977,63915931,4518,112,355
0,-0.069824,18,355.429688
1,63914104,63913929,63916087,63915843,4570,113,355
0,-0.062012,15,355.429688
1,63914224,63914346,63916182,63916238,4515,114,355
0,-0.295410,18,355.341797
1,63914343,63914231,63916297,63916118,4505,115,355
0,-0.224121,15,355.473633
1,63913920,63914119,63915897,63916038,4569,116,355
0,-0.206543,13,355.407715
1,63913971,63914073,63915943,63915976,4545,117,355
0,-0.093262,9,355.429688
1,63914071,63913976,63916040,63915872,4533,118,355
0,-0.133301,16,355.407715
1,63914131,63913909,63916107,63915810,4547,119,355
0,0.027344,19,355.407715
1,63914050,63913988,63916028,63915901,4563,120,355
0,-0.035156,16,355.385742
1,63914183,63914362,63916166,63916271,4565,121,355
0,-0.214355,16,355.517578
1,63914207,63914354,63916174,63916256,4538,122,355
0,-0.457031,18,355.429688
1,63914383,63914166,63916362,63916070,4554,123,355
0,-0.169434,23,355.385742
1,63914173,63914381,63916147,63916290,4554,124,355
0,0.035156,17,355.407715
1,63913887,63914157,63915859,63916052,4535,125,355
0,0.088379,11,355.341797
1,63913956,63914108,63915908,63915993,4500,126,355
0,-0.073730,12,355.385742
1,63914007,63914037,63915979,63915944,4549,127,355
0,-0.019531,25,355.429688
1,63914369,63914187,63916341,63916090,4545,128,355
0,0.065918,20,355.363770
1,63914327,63914229,63916299,63916126,4538,129,355
0,-0.121582,18,355.407715
1,63914295,63914252,63916276,63916165,4567,130,355
0,-0.076660,13,355.429688
1,63913958,63914091,63915925,63915995,4540,131,355
0,-0.085449,21,355.341797
1,63914204,63914352,63916176,63916251,4540,132,355
0,-0.102051,15,355.451660
1,63914359,63914186,63916342,63916102,4573,133,355
0,-0.144043,7,355.429688
1,63914043,63913999,63916017,63915907,4553,134,355
0,-0.196777,15,355.341797
1,63913953,63914092,63915924,63915990,4538,135,355
0,0.084473,17,355.385742
1,63914248,63914300,63916228,63916207,4559,136,355
0,0.255371,26,355.407715
1,63913874,63914165,63915851,63916072,4555,137,355
0,-0.301270,23,355.451660
1,63914105,63913934,63916082,63915842,4556,138,355
0,-0.151855,8,355.429688
1,63914073,63913980,63916036,63915876,4526,139,355
0,0.042969,22,355.297852
1,63914366,63914181,63916347,63916089,4561,140,355
0,-0.140137,11,355.407715
1,63914251,63914299,63916229,63916210,4561,141,355
0,-0.154785,23,355.341797
1,63913894,63914158,63915858,63916051,4524,142,355
0,0.093262,17,355.429688
1,63913912,63914124,63915892,63916034,4562,143,355
0,0.131348,13,355.363770
1,63913935,63914106,63915910,63916009,4548,144,355
0,-0.139160,14,355.363770
1,63914100,63913937,63916079,63915845,4559,145,355
0,-0.035156,10,355.319824
1,63914119,63913916,63916100,63915828,4566,146,355
0,-0.283691,27,355.385742
1,63914012,63914041,63915975,63915934,4522,147,355
0,0.104980,19,355.319824
1,63914172,63914371,63916157,63916287,4575,148,355
0,-0.108887,16,355.451660
1,63914206,63914356,63916172,63916256,4534,149,355
0,-0.085449,21,355.363770
1,63914271,63914293,63916235,63916186,4524,150,355
0,0.085449,18,355.407715
1,63913971,63914076,63915940,63915979,4541,151,355
0,0.027344,9,355.451660
1,63913911,63914123,63915893,63916041,4574,152,355
0,-0.042969,11,355.429688
1,63914358,63914196,63916332,63916097,4545,153,355
0,0.062012,11,355.407715
1,63913909,63914127,63915889,63916040,4566,154,355
0,-0.128418,12,355.495605
1,63914054,63913984,63916032,63915900,4567,155,355
0,-0.145020,30,355.407715
1,63914224,63914330,63916198,63916234,4548,156,355
0,-0.015625,6,355.451660
1,63914220,63914343,63916185,63916237,4526,157,355
0,-0.097168,7,355.385742
1,63913977,63914051,63915965,63915977,4590,158,355
0,-0.192871,12,355.407715
1,63914312,63914237,63916291,63916156,4572,159,355
0,0.088379,32,355.363770
1,63914348,63914208,63916320,63916111,4545,160,355
0,-0.135254,15,355.363770
1,63914164,63913891,63916125,63915783,4519,161,355
0,-0.245605,6,355.429688
1,63914223,63914340,63916188,63916242,4535,162,355
0,-0.222168,11,355.495605
1,63913977,63914069,63915947,63915975,4546,163,355
0,-0.235840,10,355.429688
1,63914298,63914260,63916268,63916163,4542,164,355
0,-0.241699,13,355.385742
1,63913976,63914071,63915945,63915974,4541,165,355
0,-0.208496,10,355.385742
1,63914156,63913890,63916126,63915792,4541,166,355
0,-0.261230,19,355.363770
1,63913964,63914080,63915936,63915983,4545,167,355
0,-0.139160,9,355.429688
1,63914068,63913973,63916043,63915879,4552,168,355
0,0.147949,26,355.363770
1,63914155,63913894,63916122,63915793,4534,169,355
0,-0.104004,20,355.429688
1,63914298,63914264,63916264,63916164,4534,170,355
0,-0.193848,13,355.451660
1,63914270,63914294,63916234,63916197,4535,171,355
0,0.039062,24,355.385742
1,63913993,63914045,63915971,63915955,4560,172,355
0,-0.111816,20,355.407715
1,63914174,63914383,63916145,63916285,4542,173,355
0,-0.081543,18,355.407715
1,63914363,63914206,63916322,63916098,4516,174,355
0,0.035156,15,355.429688
1,63914073,63913979,63916037,63915880,4533,175,355
0,0.108887,26,355.385742
1,63914253,63914300,63916228,63916209,4555,176,355
0,-0.097168,21,355.407715
1,63914284,63914285,63916243,63916180,4520,177,355
0,0.097168,21,355.429688
1,63914035,63914003,63916013,63915917,4565,178,355
0,-0.120605,11,355.473633
1,63914193,63914350,63916178,63916267,4576,179,355
0,0.201660,23,355.341797
1,63914142,63913898,63916118,63915794,4541,180,355
0,-0.101074,15,355.429688
1,63914348,63914209,63916319,63916110,4541,181,355
0,-0.068848,19,355.407715
1,63914030,63914015,63916001,63915918,4543,182,355
0,0.015625,18,355.429688
1,63913934,63914103,63915913,63916000,4546,183,355
0,-0.116699,13,355.429688
1,63913985,63914042,63915974,63915961,4583,184,355
0,0.011719,15,355.363770
1,63914223,63914349,63916179,63916244,4516,185,355
0,-0.120605,17,355.473633
1,63914348,63914212,63916316,63916109,4533,186,355
0,-0.027344,17,355.363770
1,63914040,63913999,63916017,63915908,4558,187,355
0,-0.064941,16,355.429688
1,63914044,63913995,63916021,63915898,4550,188,355
0,-0.073730,15,355.407715
1,63914297,63914263,63916265,63916170,4545,189,355
0,0.027344,19,355.363770
1,63914152,63913899,63916117,63915794,4527,190,355
0,0.022461,13,355.429688
1,63914016,63914036,63915980,63915933,4528,191,355
0,-0.146973,20,355.451660
1,63914328,63914228,63916300,63916117,4528,192,355
0,-0.081543,7,355.495605
1,63914170,63914372,63916156,63916291,4580,193,355
0,-0.131348,12,355.407715
1,63914014,63914033,63915983,63915933,4538,194,355
0,0.128418,19,355.363770
1,63914044,63913998,63916018,63915911,4559,195,355
0,-0.083496,14,355.473633
1,63914178,63913874,63916142,63915777,4535,196,355
0,0.029297,15,355.363770
1,63914250,63914299,63916229,63916208,4560,197,355
0,-0.077637,22,355.407715
1,63914254,63914295,63916233,63916201,4556,198,355
0,-0.144043,23,355.407715
1,63913917,63914103,63915913,63916028,4599,199,355
0,-0.083496,17,355.429688
1,63914073,63913977,63916039,63915883,4541,200,355
0,-0.019531,28,355.517578
1,63914302,63914246,63916282,63916159,4566,201,355
0,-0.039062,21,355.407715
1,63914363,63914189,63916339,63916101,4560,202,355
0,-0.367676,17,355.429688
1,63914189,63914364,63916164,63916270,4552,203,355
0,0.011719,20,355.363770
1,63913909,63914131,63915885,63916038,4554,204,355
0,-0.089355,7,355.473633
1,63913957,63914098,63915918,63915989,4518,205,355
0,-0.156738,9,355.407715
1,63914027,63914027,63915989,63915919,4520,206,355
0,-0.253418,19,355.473633
1,63914226,63914319,63916209,63916234,4572,207,355
0,-0.097168,7,355.473633
1,63914227,63914328,63916200,63916229,4543,208,355
0,-0.112793,8,355.385742
1,63914016,63914028,63915988,63915927,4540,209,355
0,-0.192871,14,355.297852
1,63914237,63914309,63916219,63916228,4575,210,355
0,-0.112793,13,355.473633
1,63913977,63914062,63915954,63915973,4560,211,355
0,-0.128418,14,355.473633
1,63914045,63913983,63916033,63915908,4589,212,355
0,-0.179199,15,355.319824
1,63913941,63914102,63915914,63916004,4545,213,355
0,-0.039062,24,355.451660
1,63914365,63914186,63916342,63916093,4555,214,355
0,-0.169434,16,355.429688
1,63914366,63914182,63916346,63916091,4561,215,355
0,-0.116699,16,355.363770
1,63914244,63914310,63916218,63916217,4552,216,355
0,-0.228027,18,355.429688
1,63914222,63914337,63916191,63916234,4534,217,355
0,-0.065918,16,355.473633
1,63914213,63914350,63916178,63916246,4528,218,355
0,-0.253418,12,355.429688
1,63914003,63914037,63915979,63915940,4549,219,355
0,-0.152832,16,355.473633
1,63914294,63914260,63916268,63916164,4548,220,355
0,-0.120605,11,355.451660
1,63913965,63914084,63915932,63915988,4540,221,355
0,-0.014648,19,355.385742
1,63914171,63914377,63916151,63916291,4567,222,355
0,-0.069824,13,355.363770
1,63914095,63913954,63916062,63915854,4535,223,355
0,-0.263184,10,355.385742
1,63914074,63913972,63916044,63915879,4547,224,355
0,0.081543,25,355.341797
1,63913977,63914057,63915959,63915974,4573,225,355
0,-0.112793,12,355.429688
1,63914023,63914030,63915986,63915927,4527,226,355
0,0.093262,19,355.385742
1,63913874,63914184,63915832,63916073,4512,227,355
0,-0.285645,16,355.407715
1,63914102,63913955,63916061,63915844,4513,228,355
0,-0.293457,6,355.341797
1,63913964,63914064,63915952,63915985,4584,229,355
0,-0.189941,19,355.407715
1,63914369,63914187,63916341,63916083,4536,230,355
0,-0.174316,16,355.385742
1,63914160,63913882,63916134,63915784,4546,231,355
0,-0.085449,10,355.407715
1,63914035,63914021,63915995,63915912,4516,232,355
0,-0.115723,7,355.363770
1,63913901,63914156,63915860,63916045,4513,233,355
0,0.007812,9,355.473633
1,63914081,63913975,63916041,63915867,4518,234,355
0,-0.206543,20,355.407715
1,63913926,63914107,63915909,63916019,4568,235,355
0,-0.042969,17,355.429688
1,63913956,63914084,63915932,63915984,4546,236,355
0,-0.263184,15,355.385742
1,63914228,63914335,63916193,63916235,4533,237,355
0,-0.226074,7,355.407715
1,63914218,63914339,63916189,63916239,4540,238,355
0,0.015625,16,355.319824
1,63913882,63914159,63915857,63916061,4547,239,355
0,-0.306152,19,355.451660
1,63914024,63914035,63915981,63915922,4508,240,355
0,0.235840,13,355.407715
1,63914330,63914232,63916296,63916118,4518,241,355
0,-0.197754,21,355.473633
1,63914189,63914365,63916163,63916262,4540,242,355
0,-0.045898,24,355.473633
1,63913918,63914120,63915896,63916024,4553,243,355
0,-0.140137,12,355.341797
1,63914161,63913885,63916131,63915786,4540,244,355
0,-0.338379,10,355.407715
1,63913906,63914136,63915880,63916037,4545,245,355
0,-0.375488,8,355.385742
1,63913952,63914102,63915914,63915998,4525,246,355
0,-0.088379,21,355.385742
1,63913978,63914054,63915962,63915972,4576,247,355
0,-0.190918,16,355.341797
1,63914191,63914364,63916164,63916266,4545,248,355
0,-0.259277,27,355.385742
1,63913905,63914121,63915895,63916038,4582,249,355
0,-0.027344,4,355.363770
1,63914317,63914236,63916292,63916136,4545,250,355
0,-0.177246,19,355.451660
1,63914022,63914028,63915988,63915928,4534,251,355
0,-0.108887,19,355.407715
1,63914231,63914322,63916206,63916229,4553,252,355
0,0.000000,15,355.363770
1,63913958,63914085,63915931,63915988,4546,253,355
0,0.101074,17,355.407715
1,63914345,63914210,63916318,63916109,4541,254,355
0,-0.080566,9,355.473633
1,63914267,63914289,63916239,63916191,4543,255,355
0,-0.429688,20,355.451660
1,63914069,63913961,63916055,63915865,4562,256,355
0,0.200684,19,355.363770
1,63914362,63914201,63916327,63916102,4534,257,355
0,0.081543,11,355.385742
1,63914238,63914308,63916220,63916218,4565,258,355
0,-0.088379,18,355.385742
1,63914058,63913981,63916035,63915889,4556,259,355
0,-0.023438,28,355.341797
1,63914172,63914378,63916150,63916290,4562,260,355
0,-0.206543,18,355.385742
1,63914195,63914353,63916175,63916258,4556,261,355
0,-0.024414,23,355.385742
1,63914110,63913917,63916099,63915832,4579,262,355
0,-0.147949,23,355.319824
1,63913985,63914041,63915975,63915946,4568,263,355
0,0.131348,21,355.407715
1,63913876,63914169,63915847,63916064,4534,264,355
0,-0.364746,19,355.451660
1,63914020,63914027,63915989,63915927,4538,265,355
0,0.208496,18,355.451660
1,63914219,63914343,63916185,63916235,4525,266,355
0,-0.196777,6,355.407715
1,63914298,63914253,63916275,63916165,4561,267,355
0,-0.213379,11,355.385742
1,63914365,63914183,63916345,63916094,4563,268,355
0,0.011719,21,355.495605
1,63914088,63913966,63916050,63915863,4526,269,355
0,-0.108887,16,355.429688
1,63913874,63914167,63915849,63916076,4555,270,355
0,-0.065918,27,355.451660
1,63914173,63914383,63916145,63916288,4547,271,355
0,0.321777,13,355.495605
1,63913909,63914132,63915884,63916041,4555,272,355
0,-0.185059,9,355.407715
1,63914109,63913946,63916070,63915844,4526,273,355
0,-0.228027,13,355.407715
1,63914057,63913973,63916043,63915886,4573,274,355
0,-0.181152,21,355.319824
1,63914363,63914184,63916344,63916091,4560,275,355
0,0.011719,15,355.407715
1,63914348,63914203,63916325,63916115,4561,276,355
0,-0.031250,18,355.429688
1,63914223,63914343,63916185,63916233,4518,277,355
0,-0.239746,18,355.407715
1,63913943,63914098,63915918,63916009,4558,278,355
0,-0.187012,26,355.429688
1,63914203,63914357,63916171,63916258,4538,279,355
0,-0.065918,22,355.363770
1,63914196,63914362,63916166,63916261,4538,280,355
0,-0.218262,23,355.385742
1,63914104,63913934,63916082,63915842,4558,281,355
0,-0.068848,15,355.363770
1,63914108,63913918,63916098,63915824,4569,282,355
0,-0.247559,16,355.407715
1,63914204,63914346,63916182,63916244,4546,283,355
0,-0.097168,15,355.385742
1,63914184,63914372,63916156,63916283,4554,284,355
0,-0.116699,22,355.385742
1,63913934,63914104,63915912,63916003,4547,285,355
0,0.085449,15,355.451660
1,63914087,63913964,63916052,63915860,4528,286,355
0,-0.224121,17,355.385742
1,63914215,63914359,63916169,63916243,4501,287,355
0,-0.011719,18,355.363770
1,63914363,63914189,63916339,63916095,4553,288,355
0,-0.062988,19,355.363770
1,63913917,63914109,63915907,63916028,4584,289,355
0,0.111816,14,355.407715
1,63914046,63913997,63916019,63915903,4549,290,355
0,0.093262,20,355.407715
1,63914339,63914225,63916303,63916116,4521,291,355
0,-0.135254,12,355.385742
1,63914349,63914214,63916314,63916106,4524,292,355
0,-0.182129,6,355.495605
1,63913913,63914117,63915899,63916034,4577,293,355
0,0.076660,20,355.385742
1,63914365,63914177,63916351,63916091,4574,294,355
0,-0.115723,22,355.473633
1,63914068,63913973,63916043,63915883,4556,295,355
0,-0.112793,25,355.407715
1,63914233,63914338,63916190,63916231,4515,296,355
0,-0.186035,7,355.385742
1,63914084,63913967,63916049,63915856,4520,297,355
0,0.073730,13,355.363770
1,63914070,63913973,63916043,63915869,4538,298,355
0,-0.007812,22,355.385742
1,63914282,63914284,63916244,63916174,4518,299,355
0,-0.208496,16,355.429688
1,63914278,63914281,63916247,63916182,4539,300,355
0,-0.039062,20,355.385742
1,63914167,63914383,63916145,63916294,4561,301,355
0,-0.128418,12,355.451660
1,63914367,63914179,63916349,63916088,4563,302,355
0,0.100098,13,355.451660
1,63914180,63914371,63916157,63916280,4558,303,355
0,-0.011719,16,355.363770
1,63914150,63913898,63916118,63915789,4526,304,355
0,-0.257324,9,355.319824
1,63914376,63914181,63916347,63916076,4534,305,355
0,0.062012,13,355.495605
1,63914340,63914218,63916310,63916115,4535,306,355
0,0.011719,20,355.451660
1,63914309,63914237,63916291,63916151,4569,307,355
0,-0.189941,18,355.385742
1,63914135,63913915,63916101,63915801,4518,308,355
0,0.085449,19,355.407715
1,63913990,63914047,63915969,63915950,4553,309,355
0,-0.312988,18,355.429688
1,63914052,63913985,63916031,63915891,4556,310,355
0,-0.104004,21,355.407715
1,63913913,63914126,63915890,63916034,4556,311,355
0,-0.123535,12,355.407715
1,63914042,63913999,63916017,63915907,4554,312,355
0,-0.003906,14,355.363770
1,63913978,63914056,63915960,63915970,4569,313,355
0,-0.097168,12,355.363770
1,63914211,63914351,63916177,63916242,4524,314,355
0,-0.065918,15,355.385742
1,63914172,63914376,63916152,63916282,4558,315,355
0,-0.027344,9,355.429688
1,63914036,63914007,63916009,63915910,4546,316,355
0,-0.073730,12,355.451660
1,63914192,63914364,63916164,63916285,4566,317,355
0,-0.221191,32,355.407715
1,63913908,63914141,63915875,63916041,4535,318,355
0,-0.035156,20,355.429688
1,63914161,63913894,63916122,63915785,4518,319,355
0,-0.241699,20,355.275879
1,63914280,63914288,63916240,63916178,4515,320,355
0,-0.245605,10,355.341797
1,63914168,63913880,63916136,63915779,4535,321,355
0,-0.076660,7,355.319824
1,63914241,63914312,63916216,63916220,4554,322,355
0,0.007812,19,355.385742
1,63914100,63913944,63916072,63915850,4548,323,355
0,-0.311035,9,355.429688
1,63914228,63914317,63916211,63916231,4570,324,355
0,0.023438,10,355.407715
1,63914108,63913931,63916085,63915830,4546,325,355
0,-0.181152,15,355.451660
1,63914087,63913969,63916047,63915858,4514,326,355
0,0.104004,19,355.385742
1,63914345,63914222,63916306,63916113,4518,327,355
0,0.015625,18,355.363770
1,63914001,63914043,63915973,63915950,4549,328,355
0,0.077637,25,355.341797
1,63914161,63913883,63916133,63915788,4547,329,355
0,-0.143066,9,355.473633
1,63913974,63914060,63915956,63915975,4570,330,355
0,-0.213379,10,355.385742
1,63914300,63914257,63916271,63916165,4549,331,355
0,0.007812,15,355.429688
1,63913995,63914039,63915977,63915954,4570,332,355
0,-0.027344,19,355.363770
1,63914270,63914289,63916239,63916188,4536,333,355
0,-0.302246,23,355.319824
1,63913917,63914112,63915904,63916026,4575,334,355
0,0.062012,15,355.473633
1,63914042,63913995,63916021,63915907,4563,335,355
0,-0.116699,17,355.517578
1,63914200,63914356,63916172,63916250,4534,336,355
0,-0.039062,19,355.385742
1,63914052,63913981,63916035,63915895,4570,337,355
0,-0.213379,20,355.407715
1,63914306,63914240,63916288,63916153,4568,338,355
0,-0.042969,19,355.363770
1,63914383,63914165,63916363,63916064,4549,339,355
0,-0.077637,15,355.495605
1,63914093,63913959,63916057,63915859,4532,340,355
0,-0.081543,18,355.385742
1,63914349,63914222,63916306,63916118,4519,341,355
0,-0.187012,13,355.385742
1,63914365,63914182,63916346,63916090,4561,342,355
0,-0.085449,19,355.385742
1,63913922,63914119,63915897,63916022,4548,343,355
0,0.003906,13,355.319824
1,63914230,63914322,63916206,63916233,4559,344,355
0,-0.265137,11,355.363770
1,63913954,63914088,63915928,63915998,4555,345,355
0,0.042969,17,355.429688
1,63914143,63913896,63916120,63915791,4541,346,355
0,-0.046875,7,355.495605
1,63914316,63914240,63916288,63916146,4548,347,355
0,-0.111816,19,355.429688
1,63914128,63913909,63916107,63915807,4547,348,355
0,-0.128418,15,355.429688
1,63913884,63914157,63915859,63916054,4541,349,355
0,-0.035156,18,355.473633
1,63913969,63914082,63915934,63915973,4522,350,355
0,-0.186035,15,355.385742
1,63914287,63914282,63916246,63916172,4514,351,355
0,-0.285645,8,355.429688
1,63913906,63914146,63915870,63916039,4524,352,355
0,0.042969,9,355.363770
1,63913876,63914168,63915848,63916066,4539,353,355
0,0.076660,22,355.363770
1,63913913,63914113,63915903,63916036,4589,354,355
0,-0.132324,14,355.385742
1,63914091,63913954,63916062,63915852,4538,355,355
0,-0.251465,7,355.473633
1,63914124,63913923,63916093,63915829,4545,356,355
0,-0.333496,20,355.473633
1,63914360,63914190,63916338,63916101,4561,357,355
0,-0.102051,14,355.319824
1,63913917,63914107,63915909,63916030,4592,358,355
0,-0.120605,18,355.407715
1,63914181,63914366,63916162,63916280,4568,359,355
0,-0.107910,17,355.451660
1,63914070,63913982,63916034,63915872,4520,360,355
0,0.065918,18,355.253906
1,63914291,63914278,63916250,63916169,4515,361,355
0,-0.086426,7,355.363770
1,63914125,63913914,63916102,63915819,4553,362,355
0,-0.291504,24,355.363770
1,63914329,63914234,63916294,63916127,4525,363,355
0,-0.090332,23,355.407715
1,63914022,63914036,63915980,63915929,4516,364,355
0,0.042969,16,355.407715
1,63914294,63914255,63916273,63916167,4563,365,355
0,-0.212402,10,355.429688
1,63914274,63914289,63916239,63916182,4525,366,355
0,-0.105957,10,355.319824
1,63913914,63914132,63915884,63916026,4532,367,355
0,0.042969,12,355.385742
1,63913928,63914108,63915908,63916009,4552,368,355
0,-0.072754,15,355.363770
1,63914201,63914358,63916170,63916256,4535,369,355
0,0.177246,20,355.429688
1,63913885,63914166,63915850,63916058,4524,370,355
0,0.175293,20,355.341797
1,63914233,63914313,63916215,63916229,4572,371,355
0,-0.366699,8,355.451660
1,63914320,63914233,63916295,63916139,4552,372,355
0,-0.201660,20,355.385742
1,63914182,63914367,63916161,63916280,4565,373,355
0,-0.042969,17,355.429688
1,63914077,63913971,63916045,63915862,4526,374,355
0,-0.192871,15,355.517578
1,63913951,63914101,63915915,63915991,4520,375,355
0,-0.312988,9,355.385742
1,63914247,63914291,63916237,63916205,4579,376,355
0,-0.128418,26,355.407715
1,63914106,63913934,63916082,63915843,4556,377,355
0,-0.156738,10,355.429688
1,63914288,63914274,63916254,63916172,4532,378,355
0,-0.131348,5,355.429688
1,63913911,63914131,63915885,63916036,4549,379,355
0,-0.188965,10,355.429688
1,63914373,63914176,63916352,63916090,4566,380,355
0,-0.136230,13,355.407715
1,63914331,63914220,63916308,63916127,4555,381,355
0,-0.104980,21,355.407715
1,63914146,63913895,63916121,63915797,4547,382,355
0,-0.182129,21,355.341797
1,63913916,63914117,63915899,63916028,4567,383,355
0,-0.136230,12,355.407715
1,63914372,63914171,63916357,63916071,4556,384,355
0,-0.123535,16,355.363770
1,63914284,63914288,63916240,63916173,4505,385,355
0,0.231934,6,355.429688
1,63914104,63913927,63916089,63915841,4573,386,355
0,-0.151855,21,355.451660
1,63913992,63914045,63915971,63915954,4560,387,355
0,-0.061035,26,355.385742
1,63914339,63914223,63916305,63916118,4528,388,355
0,0.107910,17,355.385742
1,63913973,63914070,63915946,63915976,4549,389,355
0,0.027344,10,355.363770
1,63913999,63914036,63915980,63915943,4560,390,355
0,-0.007812,23,355.385742
1,63913984,63914043,63915973,63915957,4577,391,355
0,-0.011719,16,355.407715
1,63913920,63914116,63915900,63916020,4555,392,355
0,-0.356934,17,355.429688
1,63914245,63914302,63916226,63916211,4562,393,355
0,-0.144043,15,355.319824
1,63914381,63914168,63916360,63916078,4561,394,355
0,0.073730,28,355.407715
1,63914149,63913904,63916112,63915800,4526,395,355
0,0.000000,19,355.363770
1,63913981,63914052,63915964,63915967,4572,396,355
0,-0.371582,16,355.429688
