1,63914238,63914053,63914939,63914699,1579,0,355
0,-0.089355,26,355.385742
1,63914175,63914112,63914880,63914761,1588,1,355
0,0.007812,19,355.385742
1,63914302,63914005,63914987,63914633,1540,2,355
0,-0.112793,29,355.429688
1,63914050,63914247,63914745,63914885,1563,3,355
0,0.035156,29,355.451660
1,63914093,63914223,63914769,63914844,1521,4,355
0,-0.181152,20,355.473633
1,63913922,63914367,63914625,63914998,1564,5,355
0,-0.182129,19,355.363770
1,63913895,63913900,63914580,63914528,1540,6,355
0,-0.069824,25,355.363770
1,63913886,63913914,63914566,63914541,1533,7,355
0,-0.111816,31,355.429688
1,63914214,63914100,63914892,63914733,1537,8,355
0,-0.088379,30,355.363770
1,63914110,63914191,63914801,63914817,1544,9,355
0,-0.128418,24,355.385742
1,63914000,63914306,63914686,63914942,1550,10,355
0,-0.194824,27,355.341797
1,63914305,63913994,63914998,63914631,1560,11,355
0,-0.042969,26,355.451660
1,63914062,63914245,63914747,63914885,1554,12,355
0,-0.212402,33,355.451660
1,63914375,63913921,63915071,63914553,1557,13,355
0,-0.169434,32,355.473633
1,63914202,63914106,63914886,63914730,1534,14,355
0,-0.100098,25,355.407715
1,63913905,63913896,63914584,63914511,1517,15,355
0,-0.046875,13,355.385742
1,63914078,63914230,63914762,63914860,1541,16,355
0,-0.136230,28,355.363770
1,63914018,63914288,63914704,63914912,1536,17,355
0,-0.035156,21,355.341797
1,63914338,63913974,63915018,63914609,1542,18,355
0,-0.244629,32,355.495605
1,63914352,63913968,63915024,63914582,1508,19,355
0,0.120605,20,355.385742
1,63913962,63914350,63914642,63914979,1535,20,355
0,-0.335449,27,355.385742
1,63914132,63914170,63914822,63914803,1551,21,355
0,-0.092285,28,355.385742
1,63914152,63914160,63914832,63914786,1531,22,355
0,-0.182129,22,355.407715
1,63914039,63914259,63914733,63914894,1558,23,355
0,-0.136230,27,355.385742
1,63913921,63914376,63914616,63915016,1565,24,355
0,-0.173340,26,355.429688
1,63914274,63914039,63914953,63914665,1530,25,355
0,-0.173340,24,355.385742
1,63914041,63914266,63914726,63914897,1543,26,355
0,-0.120605,26,355.363770
1,63914123,63914177,63914815,63914818,1563,27,355
0,-0.023438,24,355.407715
1,63913990,63914315,63914677,63914947,1547,28,355
0,-0.039062,24,355.319824
1,63914043,63914262,63914730,63914890,1542,29,355
0,0.108887,27,355.341797
1,63914083,63914232,63914760,63914868,1540,30,355
0,-0.329590,29,355.407715
1,63913916,63913884,63914596,63914504,1524,31,355
0,-0.111816,11,355.407715
1,63913886,63913912,63914568,63914550,1548,32,355
0,-0.023438,30,355.363770
1,63913986,63914310,63914682,63914950,1567,33,355
0,0.034180,24,355.385742
1,63914099,63914220,63914772,63914836,1511,34,355
0,-0.229004,13,355.407715
1,63914149,63914165,63914827,63914792,1530,35,355
0,-0.124512,21,355.407715
1,63914148,63914155,63914837,63914775,1535,36,355
0,-0.085449,13,355.429688
1,63914158,63914159,63914833,63914790,1531,37,355
0,-0.101074,27,355.451660
1,63913973,63914351,63914641,63914969,1508,38,355
0,-0.069824,21,355.429688
1,63913882,63913914,63914566,63914547,1544,39,355
0,-0.119629,29,355.363770
1,63913923,63914375,63914617,63915018,1568,40,355
0,-0.281738,30,355.363770
1,63913982,63914329,63914663,63914961,1540,41,355
0,-0.188965,26,355.385742
1,63914118,63914173,63914819,63914819,1579,42,355
0,0.065918,29,355.451660
1,63914290,63914027,63914965,63914650,1522,43,355
0,-0.319824,17,355.407715
1,63914183,63914109,63914883,63914751,1574,44,355
0,-0.118652,28,355.341797
1,63913949,63914363,63914629,63915001,1545,45,355
0,-0.151855,29,355.451660
1,63913886,63913915,63914565,63914547,1537,46,355
0,-0.027344,30,355.385742
1,63914345,63913978,63915014,63914609,1524,47,355
0,-0.267090,33,355.385742
1,63914364,63913945,63915047,63914569,1533,48,355
0,0.097168,18,355.363770
1,63914231,63914077,63914915,63914714,1549,49,355
0,-0.065918,18,355.451660
1,63914027,63914290,63914702,63914910,1518,50,355
0,-0.073730,15,355.407715
1,63913942,63914363,63914629,63915001,1554,51,355
0,-0.399414,22,355.319824
1,63913889,63913911,63914569,63914547,1543,52,355
0,-0.120605,31,355.473633
1,63914282,63914039,63914953,63914668,1524,53,355
0,0.000000,22,355.341797
1,63914028,63914290,63914702,63914918,1527,54,355
0,-0.181152,21,355.363770
1,63914025,63914287,63914705,63914914,1533,55,355
0,-0.345215,14,355.429688
1,63913976,63914342,63914650,63914965,1521,56,355
0,-0.398438,14,355.407715
1,63914249,63914058,63914934,63914699,1555,57,355
0,-0.007812,25,355.363770
1,63914091,63914224,63914768,63914841,1517,58,355
0,0.034180,15,355.407715
1,63914076,63914241,63914751,63914872,1531,59,355
0,-0.128418,31,355.407715
1,63914333,63913984,63915008,63914607,1522,60,355
0,-0.201660,23,355.341797
1,63914301,63914007,63914985,63914643,1548,61,355
0,-0.039062,22,355.341797
1,63914130,63914167,63914825,63914812,1571,62,355
0,-0.011719,28,355.385742
1,63914094,63914224,63914768,63914847,1521,63,355
0,-0.027344,20,355.385742
1,63914312,63913993,63914999,63914633,1556,64,355
0,-0.073730,21,355.385742
1,63914000,63914300,63914692,63914941,1563,65,355
0,-0.201660,27,355.341797
1,63914356,63913957,63915035,63914585,1533,66,355
0,-0.147949,15,355.341797
1,63914050,63914266,63914726,63914893,1528,67,355
0,-0.200684,25,355.407715
1,63913953,63914356,63914636,63914996,1551,68,355
0,-0.039062,31,355.363770
1,63914263,63914043,63914949,63914690,1563,69,355
0,-0.532227,36,355.429688
1,63914155,63914164,63914828,63914791,1524,70,355
0,-0.247559,25,355.385742
1,63913967,63914346,63914646,63914983,1543,71,355
0,-0.154785,22,355.451660
1,63914226,63914085,63914907,63914718,1541,72,355
0,-0.151855,18,355.385742
1,63914024,63914298,63914694,63914931,1528,73,355
0,-0.031250,30,355.341797
1,63914283,63914028,63914964,63914655,1534,74,355
0,-0.185059,18,355.341797
1,63914187,63914111,63914881,63914751,1564,75,355
0,0.007812,18,355.385742
1,63913994,63914309,63914683,63914956,1567,76,355
0,-0.224121,31,355.385742
1,63914316,63913986,63915006,63914630,1564,77,355
0,-0.097168,32,355.407715
1,63914145,63914163,63914829,63914793,1541,78,355
0,-0.212402,23,355.363770
1,63913916,63913879,63914601,63914511,1544,79,355
0,-0.123535,16,355.407715
1,63914188,63914108,63914884,63914756,1576,80,355
0,-0.235840,16,355.341797
1,63914356,63913959,63915033,63914584,1527,81,355
0,-0.226074,13,355.363770
1,63914099,63914198,63914794,63914839,1567,82,355
0,-0.104004,22,355.341797
1,63914245,63914056,63914936,63914699,1564,83,355
0,-0.329590,20,355.385742
1,63914325,63913981,63915011,63914618,1551,84,355
0,-0.360840,22,355.363770
1,63913918,63914372,63914620,63915017,1579,85,355
0,-0.255371,20,355.451660
1,63914193,63914106,63914886,63914757,1576,86,355
0,-0.073730,29,355.429688
1,63913905,63913901,63914579,63914525,1522,87,355
0,-0.015625,15,355.495605
1,63913988,63914316,63914676,63914951,1551,88,355
0,-0.007812,25,355.473633
1,63914275,63914037,63914955,63914677,1548,89,355
0,-0.372559,22,355.407715
1,63913882,63913908,63914572,63914544,1555,90,355
0,-0.341309,24,355.363770
1,63914039,63914280,63914712,63914904,1521,91,355
0,-0.251465,15,355.495605
1,63914321,63913975,63915017,63914626,1579,92,355
0,-0.147949,31,355.429688
1,63913927,63914368,63914624,63915007,1567,93,355
0,0.007812,21,355.451660
1,63913960,63914360,63914632,63914990,1527,94,355
0,-0.259277,24,355.429688
1,63913953,63914354,63914638,63914985,1543,95,355
0,-0.031250,22,355.363770
1,63914315,63913990,63915002,63914628,1554,96,355
0,0.080566,25,355.319824
1,63913964,63914353,63914639,63914987,1535,97,355
0,-0.088379,22,355.363770
1,63913901,63913907,63914573,63914539,1529,98,355
0,-0.259277,22,355.473633
1,63914197,63914105,63914887,63914758,1575,99,355
0,-0.069824,27,355.473633
1,63913929,63914380,63914612,63915015,1545,100,355
0,0.124512,21,355.429688
1,63914012,63914298,63914694,63914939,1551,101,355
0,-0.127441,26,355.385742
1,63914087,63914232,63914760,63914860,1525,102,355
0,-0.243652,18,355.407715
1,63914071,63914241,63914751,63914876,1542,103,355
0,-0.136230,28,355.385742
1,63914110,63914199,63914793,63914829,1540,104,355
0,-0.065918,22,355.363770
1,63914208,63914105,63914887,63914736,1536,105,355
0,-0.188965,21,355.473633
1,63913972,63914347,63914645,63914973,1523,106,355
0,-0.173340,15,355.363770
1,63914246,63914054,63914938,63914700,1569,107,355
0,-0.369629,20,355.451660
1,63914093,63914220,63914772,63914849,1534,108,355
0,-0.344238,21,355.341797
1,63913905,63913900,63914580,63914529,1529,109,355
0,-0.015625,20,355.363770
1,63914003,63914298,63914694,63914946,1570,110,355
0,-0.468750,29,355.385742
1,63914230,63914079,63914913,63914719,1551,111,355
0,-0.197754,17,355.341797
1,63913917,63914378,63914614,63915022,1572,112,355
0,-0.089355,23,355.429688
1,63914080,63914237,63914755,63914874,1538,113,355
0,0.023438,33,355.451660
1,63914098,63914219,63914773,63914837,1516,114,355
0,-0.261230,6,355.319824
1,63914219,63914108,63914884,63914743,1524,115,355
0,-0.354980,28,355.451660
1,63914267,63914044,63914948,63914684,1549,116,355
0,-0.303223,24,355.341797
1,63913975,63914345,63914647,63914967,1517,117,355
0,-0.131348,14,355.363770
1,63914006,63914303,63914689,63914945,1554,118,355
0,-0.140137,24,355.429688
1,63914103,63914203,63914789,63914844,1556,119,355
0,-0.389648,29,355.451660
1,63914186,63914107,63914885,63914752,1576,120,355
0,-0.019531,30,355.363770
1,63914356,63913966,63915026,63914585,1511,121,355
0,0.045898,13,355.385742
1,63913966,63914353,63914639,63914992,1538,122,355
0,-0.221191,31,355.473633
1,63914200,63914106,63914886,63914754,1564,123,355
0,-0.069824,22,355.385742
1,63914077,63914234,63914758,63914874,1549,124,355
0,-0.015625,23,355.407715
1,63914169,63914123,63914869,63914772,1582,125,355
0,0.027344,19,355.319824
1,63914321,63913985,63915007,63914622,1551,126,355
0,-0.222168,19,355.407715
1,63914049,63914247,63914745,63914889,1569,127,355
0,-0.098145,18,355.429688
1,63914171,63914151,63914841,63914767,1508,128,355
0,-0.356934,7,355.429688
1,63913874,63913917,63914563,63914561,1563,129,355
0,-0.182129,24,355.297852
1,63914023,63914295,63914697,63914930,1535,130,355
0,-0.331543,28,355.341797
1,63914172,63914122,63914870,63914761,1568,131,355
0,-0.035156,23,355.429688
1,63914228,63914095,63914897,63914717,1514,132,355
0,-0.239746,12,355.385742
1,63914361,63913954,63915038,63914577,1524,133,355
0,-0.150879,13,355.341797
1,63914356,63913967,63915025,63914584,1508,134,355
0,-0.143066,13,355.407715
1,63913900,63913902,63914578,63914537,1540,135,355
0,-0.355957,27,355.429688
1,63914063,63914248,63914744,63914883,1543,136,355
0,-0.171387,15,355.363770
1,63914214,63914104,63914888,63914739,1535,137,355
0,-0.200684,28,355.451660
1,63914267,63914043,63914949,63914685,1552,138,355
0,-0.222168,25,355.363770
1,63914235,63914062,63914930,63914700,1563,139,355
0,0.089355,21,355.363770
1,63913991,63914316,63914676,63914963,1562,140,355
0,-0.239746,29,355.363770
1,63914260,63914046,63914946,63914691,1561,141,355
0,-0.093262,23,355.407715
1,63913961,63914349,63914643,63914984,1544,142,355
0,-0.100098,22,355.407715
1,63914096,63914224,63914768,63914846,1517,143,355
0,-0.228027,17,355.385742
1,63914382,63913912,63915080,63914552,1569,144,355
0,-0.173340,24,355.319824
1,63914045,63914262,63914730,63914892,1542,145,355
0,0.073730,18,355.297852
1,63914278,63914036,63914956,63914680,1550,146,355
0,-0.425781,32,355.363770
1,63914237,63914059,63914933,63914699,1567,147,355
0,-0.096191,14,355.429688
1,63914053,63914249,63914743,63914888,1558,148,355
0,0.111816,25,355.341797
1,63913894,63913913,63914567,63914545,1530,149,355
0,-0.323730,30,355.385742
1,63914170,63914140,63914852,63914761,1528,150,355
0,0.062012,15,355.385742
1,63914050,63914253,63914739,63914891,1556,151,355
0,-0.104980,18,355.385742
1,63913905,63913884,63914596,63914516,1551,152,355
0,-0.015625,20,355.385742
1,63914306,63914006,63914986,63914633,1533,153,355
0,0.039062,21,355.363770
1,63914165,63914155,63914837,63914771,1510,154,355
0,-0.216309,13,355.363770
1,63914045,63914262,63914730,63914894,1544,155,355
0,-0.212402,11,355.363770
1,63914365,63913931,63915061,63914570,1565,156,355
0,-0.239746,9,355.473633
1,63914198,63914109,63914883,63914744,1548,157,355
0,-0.255371,24,355.363770
1,63914102,63914222,63914770,63914837,1504,158,355
0,-0.188965,18,355.407715
1,63914363,63913956,63915036,63914575,1515,159,355
0,0.080566,18,355.517578
1,63914064,63914235,63914757,63914880,1569,160,355
0,-0.346191,27,355.495605
1,63914365,63913941,63915051,63914573,1545,161,355
0,0.186035,19,355.407715
1,63914159,63914148,63914844,63914781,1545,162,355
0,-0.217285,18,355.407715
1,63914313,63913987,63915005,63914629,1564,163,355
0,-0.155762,17,355.407715
1,63913986,63914319,63914673,63914958,1555,164,355
0,-0.196777,12,355.385742
1,63914196,63914107,63914885,63914745,1556,165,355
0,-0.019531,20,355.385742
1,63913878,63913913,63914567,63914554,1560,166,355
0,-0.317871,26,355.407715
1,63914147,63914166,63914826,63914802,1542,167,355
0,-0.031250,26,355.517578
1,63914306,63913997,63914995,63914633,1554,168,355
0,-0.007812,27,355.385742
1,63913997,63914301,63914691,63914940,1563,169,355
0,-0.081543,23,355.407715
1,63914234,63914090,63914902,63914710,1510,170,355
0,-0.064941,15,355.341797
1,63913910,63913888,63914592,63914509,1528,171,355
0,-0.188965,19,355.429688
1,63914134,63914165,63914827,63914809,1568,172,355
0,-0.226074,20,355.363770
1,63914219,63914089,63914903,63914733,1557,173,355
0,-0.192871,28,355.341797
1,63914013,63914299,63914693,63914944,1554,174,355
0,-0.128418,30,355.429688
1,63914338,63913981,63915011,63914618,1536,175,355
0,-0.336426,30,355.407715
1,63914053,63914251,63914741,63914890,1556,176,355
0,-0.247559,29,355.429688
1,63913923,63913875,63914605,63914505,1538,177,355
0,-0.189941,20,355.363770
1,63914116,63914180,63914812,63914822,1569,178,355
0,-0.076660,20,355.495605
1,63914134,63914173,63914819,63914810,1550,179,355
0,-0.145020,29,355.451660
1,63914044,63914268,63914724,63914899,1537,180,355
0,-0.169434,21,355.385742
1,63914234,63914079,63914913,63914706,1531,181,355
0,0.046875,15,355.473633
1,63914377,63913923,63915069,63914561,1560,182,355
0,-0.121582,27,355.473633
1,63913887,63913911,63914569,63914549,1548,183,355
0,-0.084473,29,355.429688
1,63914018,63914294,63914698,63914938,1552,184,355
0,-0.104980,31,355.363770
1,63914089,63914226,63914766,63914858,1535,185,355
0,-0.113770,23,355.341797
1,63913887,63913917,63914563,63914546,1530,186,355
0,-0.064941,29,355.473633
1,63914227,63914096,63914896,63914719,1515,187,355
0,-0.220215,22,355.363770
1,63914183,63914114,63914878,63914756,1568,188,355
0,0.019531,27,355.473633
1,63913972,63914350,63914642,63914972,1515,189,355
0,-0.069824,17,355.341797
1,63914108,63914183,63914809,63914823,1572,190,355
0,-0.039062,9,355.429688
1,63914363,63913952,63915040,63914573,1522,191,355
0,-0.015625,18,355.473633
1,63914319,63913981,63915011,63914623,1564,192,355
0,-0.104980,20,355.407715
1,63914117,63914175,63914817,63914823,1581,193,355
0,-0.116699,20,355.363770
1,63914184,63914107,63914885,63914756,1583,194,355
0,0.069824,17,355.385742
1,63913991,63914317,63914675,63914952,1547,195,355
0,0.189941,19,355.363770
1,63914324,63913983,63915009,63914622,1552,196,355
0,-0.231934,33,355.341797
1,63914274,63914044,63914948,63914674,1529,197,355
0,-0.007812,23,355.451660
1,63914147,63914168,63914824,63914803,1538,198,355
0,-0.147949,28,355.407715
1,63913948,63914365,63914627,63915004,1545,199,355
0,-0.073730,24,355.429688
1,63914120,63914173,63914819,63914820,1578,200,355
0,-0.119629,23,355.407715
1,63914358,63913941,63915051,63914576,1557,201,355
0,-0.137207,17,355.429688
1,63914157,63914155,63914837,63914783,1534,202,355
0,-0.169434,19,355.407715
1,63914010,63914303,63914689,63914936,1538,203,355
0,-0.228027,30,355.363770
1,63914232,63914068,63914924,63914702,1555,204,355
0,-0.187012,5,355.275879
1,63914249,63914053,63914939,63914698,1565,205,355
0,-0.011719,25,355.385742
1,63913986,63914313,63914679,63914954,1564,206,355
0,-0.062012,25,355.407715
1,63914069,63914236,63914756,63914875,1555,207,355
0,-0.034180,34,355.363770
1,63914150,63914161,63914831,63914798,1545,208,355
0,-0.186035,25,355.429688
1,63913893,63913908,63914572,63914540,1537,209,355
0,-0.089355,27,355.473633
1,63914177,63914120,63914872,63914761,1567,210,355
0,0.076660,11,355.407715
1,63913961,63914359,63914633,63914994,1533,211,355
0,-0.447266,31,355.341797
1,63914110,63914194,63914798,63914827,1549,212,355
0,-0.104980,21,355.429688
1,63914278,63914039,63914953,63914676,1538,213,355
0,-0.186035,24,355.473633
1,63914132,63914166,63914826,63914814,1574,214,355
0,0.035156,28,355.429688
1,63914026,63914294,63914698,63914919,1521,215,355
0,0.035156,22,355.429688
1,63914275,63914037,63914955,63914671,1541,216,355
0,0.069824,26,355.429688
1,63913971,63914349,63914643,63914984,1533,217,355
0,-0.116699,25,355.473633
1,63914291,63914022,63914970,63914649,1531,218,355
0,0.039062,13,355.451660
1,63914102,63914214,63914778,63914838,1524,219,355
0,-0.077637,15,355.407715
1,63914383,63913916,63915076,63914561,1569,220,355
0,-0.181152,29,355.385742
1,63914084,63914228,63914764,63914864,1543,221,355
0,-0.104004,28,355.385742
1,63913934,63914367,63914625,63915012,1567,222,355
0,-0.031250,25,355.341797
1,63914288,63914038,63914954,63914656,1506,223,355
0,-0.068848,15,355.451660
1,63913988,63914312,63914680,63914951,1561,224,355
0,0.080566,12,355.363770
1,63913893,63913909,63914571,63914537,1531,225,355
0,0.019531,23,355.363770
1,63914084,63914236,63914756,63914866,1527,226,355
0,-0.278809,23,355.407715
1,63914345,63913977,63915015,63914613,1531,227,355
0,-0.224121,35,355.429688
1,63914136,63914169,63914823,63914807,1554,228,355
0,0.015625,25,355.363770
1,63913961,63914353,63914639,63914991,1543,229,355
0,0.073730,25,355.385742
1,63914210,63914105,63914887,63914749,1549,230,355
0,-0.141113,27,355.429688
1,63914379,63913924,63915068,63914564,1558,231,355
0,0.093262,16,355.363770
1,63914145,63914167,63914825,63914801,1541,232,355
0,-0.109863,23,355.473633
1,63914364,63913932,63915060,63914575,1570,233,355
0,-0.093262,16,355.473633
1,63914301,63914002,63914990,63914639,1555,234,355
0,-0.196777,28,355.319824
1,63914282,63914032,63914960,63914677,1551,235,355
0,-0.187012,30,355.407715
1,63913988,63914310,63914682,63914956,1571,236,355
0,-0.124512,20,355.319824
1,63914231,63914088,63914904,63914710,1518,237,355
0,-0.169434,17,355.407715
1,63913981,63914334,63914658,63914959,1527,238,355
0,-0.093262,12,355.407715
1,63913932,63914366,63914626,63915001,1558,239,355
0,-0.042969,29,355.429688
1,63914161,63914146,63914846,63914776,1542,240,355
0,-0.031250,15,355.407715
1,63914308,63913991,63915001,63914632,1564,241,355
0,-0.302246,21,355.363770
1,63913978,63914341,63914651,63914959,1514,242,355
0,0.143066,20,355.407715
1,63914079,63914233,63914759,63914870,1544,243,355
0,-0.123535,30,355.429688
1,63913968,63914343,63914649,63914975,1540,244,355
0,-0.212402,16,355.385742
1,63914299,63914016,63914976,63914642,1528,245,355
0,-0.089355,25,355.341797
1,63914263,63914044,63914948,63914685,1555,246,355
0,0.145020,31,355.341797
1,63914075,63914233,63914759,63914869,1548,247,355
0,-0.046875,27,355.429688
1,63914077,63914233,63914759,63914872,1549,248,355
0,-0.259277,30,355.407715
1,63914226,63914086,63914906,63914718,1538,249,355
0,-0.243652,20,355.341797
1,63914094,63914225,63914767,63914848,1520,250,355
0,-0.218262,10,355.451660
1,63914287,63914035,63914957,63914668,1528,251,355
0,-0.466797,33,355.429688
1,63914044,63914261,63914731,63914890,1543,252,355
0,0.097168,23,355.319824
1,63914133,63914172,63914820,63914811,1555,253,355
0,0.077637,30,355.385742
1,63913873,63913909,63914571,63914560,1582,254,355
0,-0.245605,33,355.407715
1,63914295,63914015,63914977,63914651,1545,255,355
0,-0.173340,20,355.385742
1,63914085,63914228,63914764,63914862,1540,256,355
0,-0.119629,28,355.429688
1,63914377,63913922,63915070,63914566,1568,257,355
0,-0.249512,24,355.385742
1,63914261,63914039,63914953,63914693,1578,258,355
0,-0.111816,32,355.385742
1,63914031,63914288,63914704,63914920,1530,259,355
0,-0.212402,27,355.363770
1,63914275,63914039,63914953,63914674,1540,260,355
0,0.015625,25,355.429688
1,63914254,63914046,63914946,63914692,1569,261,355
0,0.090332,28,355.429688
1,63913928,63914383,63914609,63915023,1549,262,355
0,-0.192871,24,355.429688
1,63914361,63913954,63915038,63914579,1527,263,355
0,-0.196777,14,355.341797
1,63914087,63914233,63914759,63914865,1529,264,355
0,-0.204590,32,355.341797
1,63913913,63913879,63914601,63914519,1557,265,355
0,-0.396484,24,355.407715
1,63914041,63914274,63914718,63914902,1530,266,355
0,-0.235840,21,355.363770
1,63914245,63914054,63914938,63914694,1563,267,355
0,-0.081543,21,355.407715
1,63914051,63914261,63914731,63914889,1534,268,355
0,0.011719,12,355.429688
1,63914286,63914034,63914958,63914661,1523,269,355
0,-0.192871,23,355.341797
1,63913946,63914362,63914630,63914999,1549,270,355
0,-0.263184,30,355.319824
1,63914173,63914129,63914863,63914762,1551,271,355
0,0.027344,21,355.407715
1,63913991,63914301,63914691,63914955,1588,272,355
0,-0.113770,20,355.341797
1,63914378,63913926,63915066,63914563,1554,273,355
0,-0.046875,19,355.407715
1,63914111,63914198,63914794,63914825,1536,274,355
0,0.124512,20,355.341797
1,63914341,63913978,63915014,63914616,1537,275,355
0,-0.224121,27,355.385742
1,63913992,63914312,63914680,63914953,1558,276,355
0,0.110840,27,355.407715
1,63914172,63914141,63914851,63914772,1536,277,355
0,-0.109863,21,355.319824
1,63914365,63913939,63915053,63914576,1554,278,355
0,0.137207,26,355.297852
1,63914141,63914168,63914824,63914815,1560,279,355
0,-0.316895,38,355.385742
1,63914361,63913948,63915044,63914579,1541,280,355
0,-0.041992,15,355.407715
1,63913952,63914362,63914630,63914997,1540,281,355
0,-0.214355,19,355.429688
1,63914257,63914055,63914937,63914692,1544,282,355
0,-0.231934,19,355.407715
1,63913928,63914365,63914627,63915011,1577,283,355
0,-0.104980,14,355.451660
1,63913998,63914305,63914687,63914951,1565,284,355
0,-0.061035,31,355.495605
1,63914124,63914181,63914811,63914821,1556,285,355
0,-0.200684,17,355.363770
1,63914313,63914003,63914989,63914632,1530,286,355
0,-0.132324,23,355.407715
1,63913954,63914356,63914636,63914996,1550,287,355
0,-0.320801,27,355.407715
1,63914033,63914283,63914709,63914912,1530,288,355
0,0.108887,16,355.319824
1,63914372,63913927,63915065,63914567,1563,289,355
0,-0.089355,18,355.341797
1,63914113,63914184,63914808,63914824,1565,290,355
0,-0.062012,21,355.407715
1,63914055,63914244,63914748,63914884,1563,291,355
0,-0.081543,16,355.473633
1,63914285,63914040,63914952,63914667,1517,292,355
0,-0.132324,23,355.385742
1,63914200,63914105,63914887,63914754,1567,293,355
0,-0.447266,36,355.297852
1,63914271,63914046,63914946,63914682,1537,294,355
0,0.003906,27,355.385742
1,63913894,63913913,63914567,63914543,1528,295,355
0,-0.461914,24,355.363770
1,63914151,63914166,63914826,63914796,1530,296,355
0,-0.100098,27,355.451660
1,63913911,63913897,63914583,63914522,1521,297,355
0,-0.027344,13,355.473633
1,63914156,63914157,63914835,63914776,1522,298,355
0,-0.220215,15,355.429688
1,63914107,63914202,63914790,63914833,1541,299,355
0,-0.291504,21,355.429688
1,63914277,63914042,63914950,63914672,1528,300,355
0,-0.336426,26,355.495605
1,63913991,63914305,63914687,63914951,1574,301,355
0,-0.031250,24,355.385742
1,63914041,63914265,63914727,63914891,1538,302,355
0,-0.085449,12,355.385742
1,63914237,63914064,63914928,63914697,1552,303,355
0,-0.145996,11,355.363770
1,63914080,63914235,63914757,63914869,1537,304,355
0,-0.108887,25,355.341797
1,63914225,63914093,63914899,63914730,1537,305,355
0,-0.416016,30,355.385742
1,63914035,63914278,63914714,63914904,1530,306,355
0,-0.107910,17,355.341797
1,63913973,63914345,63914647,63914970,1523,307,355
0,-0.080566,16,355.429688
1,63913960,63914356,63914636,63914984,1529,308,355
0,-0.069824,21,355.363770
1,63914117,63914176,63914816,63914827,1583,309,355
0,-0.216309,25,355.407715
1,63913903,63913897,63914583,63914525,1534,310,355
0,-0.224121,17,355.473633
1,63914186,63914115,63914877,63914758,1564,311,355
0,-0.046875,28,355.407715
1,63914148,63914167,63914825,63914803,1540,312,355
0,-0.120605,26,355.341797
1,63914044,63914258,63914734,63914893,1554,313,355
0,0.189941,20,355.495605
1,63914367,63913940,63915052,63914573,1545,314,355
0,-0.220215,31,355.363770
1,63914105,63914203,63914789,63914849,1560,315,355
0,-0.527344,34,355.451660
1,63914055,63914246,63914746,63914893,1569,316,355
0,-0.027344,24,355.363770
1,63914185,63914128,63914864,63914755,1531,317,355
0,-0.115723,20,355.363770
1,63914305,63913994,63914998,63914634,1563,318,355
0,0.023438,25,355.385742
1,63914099,63914219,63914773,63914849,1529,319,355
0,-0.132324,20,355.319824
1,63914324,63913984,63915008,63914629,1558,320,355
0,-0.213379,37,355.407715
1,63913994,63914308,63914684,63914953,1565,321,355
0,-0.204590,28,355.385742
1,63914354,63913955,63915037,63914585,1540,322,355
0,-0.298340,17,355.341797
1,63914153,63914162,63914830,63914801,1543,323,355
0,-0.081543,22,355.385742
1,63913896,63913904,63914576,63914538,1541,324,355
0,-0.311035,19,355.297852
1,63914184,63914111,63914881,63914756,1574,325,355
0,-0.146973,25,355.385742
1,63914363,63913947,63915045,63914581,1543,326,355
0,-0.116699,22,355.363770
1,63914071,63914234,63914758,63914877,1560,327,355
0,-0.140137,14,355.429688
1,63914265,63914045,63914947,63914683,1548,328,355
0,0.104980,25,355.429688
1,63913938,63914365,63914627,63915011,1565,329,355
0,0.069824,20,355.385742
1,63914168,63914148,63914844,63914771,1523,330,355
0,0.240723,18,355.451660
1,63914256,63914051,63914941,63914692,1555,331,355
0,-0.410156,22,355.363770
1,63913915,63913875,63914605,63914506,1549,332,355
0,0.007812,15,355.451660
1,63913991,63914298,63914694,63914948,1586,333,355
0,-0.101074,18,355.429688
1,63914216,63914101,63914891,63914735,1535,334,355
0,-0.123535,26,355.429688
1,63913912,63913878,63914602,63914520,1562,335,355
0,-0.065918,22,355.363770
1,63914186,63914108,63914884,63914752,1574,336,355
0,-0.062012,15,355.451660
1,63913873,63913916,63914564,63914553,1557,337,355
0,-0.119629,32,355.407715
1,63914000,63914304,63914688,63914948,1562,338,355
0,0.000000,26,355.429688
1,63914339,63913979,63915013,63914616,1537,339,355
0,-0.373535,24,355.429688
1,63913942,63914363,63914629,63915008,1562,340,355
0,-0.251465,20,355.407715
1,63914035,63914270,63914722,63914910,1556,341,355
0,-0.147949,21,355.429688
1,63914353,63913953,63915039,63914590,1551,342,355
0,-0.192871,17,355.429688
1,63914102,63914220,63914772,63914848,1522,343,355
0,-0.178223,21,355.363770
1,63914238,63914060,63914932,63914700,1564,344,355
0,0.089355,16,355.341797
1,63913918,63913877,63914603,63914516,1552,345,355
0,-0.535156,29,355.385742
1,63914094,63914222,63914770,63914856,1536,346,355
0,-0.281738,23,355.451660
1,63914237,63914074,63914918,63914707,1541,347,355
0,-0.027344,16,355.385742
1,63914020,63914294,63914698,63914927,1537,348,355
0,-0.243652,22,355.385742
1,63914159,63914159,63914833,63914781,1520,349,355
0,-0.155762,16,355.297852
1,63913880,63913913,63914567,63914558,1562,350,355
0,-0.064941,29,355.407715
1,63914057,63914247,63914745,63914891,1562,351,355
0,0.068848,33,355.429688
1,63914295,63914017,63914975,63914644,1533,352,355
0,-0.015625,12,355.363770
1,63913894,63913900,63914580,63914542,1557,353,355
0,-0.224121,33,355.385742
1,63913998,63914306,63914686,63914946,1557,354,355
0,-0.170410,13,355.451660
1,63914052,63914253,63914739,63914888,1550,355,355
0,0.096191,18,355.385742
1,63914317,63913984,63915008,63914634,1572,356,355
0,-0.027344,25,355.429688
1,63914365,63913948,63915044,63914585,1543,357,355
0,-0.136230,27,355.407715
1,63914209,63914106,63914886,63914748,1547,358,355
0,-0.216309,27,355.341797
1,63914365,63913917,63915075,63914568,1596,359,355
0,-0.136230,19,355.385742
1,63914377,63913926,63915066,63914570,1563,360,355
0,0.113770,24,355.363770
1,63914124,63914172,63914820,63914809,1563,361,355
0,-0.299316,22,355.517578
1,63914223,63914098,63914894,63914719,1515,362,355
0,-0.267090,15,355.429688
1,63914179,63914118,63914874,63914763,1571,363,355
0,-0.019531,27,355.385742
1,63914102,63914213,63914779,63914843,1533,364,355
0,-0.205566,21,355.385742
1,63913907,63913897,63914583,63914524,1528,365,355
0,-0.247559,19,355.429688
1,63914363,63913926,63915066,63914572,1582,366,355
0,-0.360840,17,355.341797
1,63914055,63914252,63914740,63914892,1554,367,355
0,-0.204590,27,355.407715
1,63913913,63913893,63914587,63914516,1521,368,355
0,-0.019531,20,355.451660
1,63913974,63914332,63914660,63914980,1564,369,355
0,-0.235840,29,355.473633
1,63914162,63914158,63914834,63914779,1516,370,355
0,-0.073730,13,355.407715
