1,63913894,63914374,63915642,63916060,4027,0,355
0,-0.065918,16,355.473633
1,63914163,63914102,63915914,63915792,4036,1,355
0,-0.062012,13,355.385742
1,63914163,63914102,63915914,63915787,4030,2,355
0,0.019531,10,355.385742
1,63914269,63914000,63916016,63915692,4033,3,355
0,0.123535,30,355.407715
1,63914278,63913986,63916030,63915679,4040,4,355
0,0.046875,15,355.473633
1,63914290,63913981,63916035,63915672,4030,5,355
0,-0.228027,29,355.407715
1,63914039,63914228,63915788,63915919,4034,6,355
0,-0.081543,12,355.473633
1,63913948,63914317,63915699,63916011,4040,7,355
0,-0.116699,15,355.385742
1,63914140,63914117,63915899,63915819,4059,8,355
0,-0.085449,30,355.363770
1,63914179,63914082,63915934,63915777,4046,9,355
0,-0.171387,9,355.341797
1,63914094,63914171,63915845,63915866,4041,10,355
0,0.305176,20,355.451660
1,63914010,63914256,63915760,63915950,4039,11,355
0,-0.169434,28,355.385742
1,63913921,63914337,63915679,63916030,4047,12,355
0,-0.107910,32,355.363770
1,63914229,63914039,63915977,63915731,4034,13,355
0,0.093262,25,355.429688
1,63913901,63914359,63915657,63916054,4047,14,355
0,-0.419922,26,355.407715
1,63914324,63913932,63916084,63915634,4060,15,355
0,-0.131348,32,355.363770
1,63914026,63914237,63915779,63915934,4046,16,355
0,0.039062,25,355.319824
1,63913943,63914315,63915701,63916012,4052,17,355
0,0.255371,25,355.341797
1,63914126,63914128,63915888,63915826,4058,18,355
0,0.136230,32,355.451660
1,63913994,63914276,63915740,63915968,4032,19,355
0,-0.144043,22,355.319824
1,63914095,63914166,63915850,63915860,4045,20,355
0,-0.197754,28,355.341797
1,63914176,63914092,63915924,63915781,4031,21,355
0,0.003906,32,355.363770
1,63914377,63914383,63916145,63916085,4070,22,355
0,-0.023438,16,355.341797
1,63914224,63914042,63915974,63915735,4038,23,355
0,-0.327637,24,355.451660
1,63913988,63914287,63915729,63915973,4019,24,355
0,0.120605,14,355.363770
1,63914259,63914000,63916016,63915695,4048,25,355
0,-0.131348,16,355.385742
1,63914126,63914126,63915890,63915829,4066,26,355
0,0.000000,16,355.429688
1,63913933,63914323,63915693,63916021,4056,27,355
0,-0.023438,26,355.429688
1,63914220,63914041,63915975,63915734,4044,28,355
0,-0.231934,26,355.451660
1,63914043,63914220,63915796,63915910,4038,29,355
0,0.041992,5,355.385742
1,63913976,63914290,63915726,63915979,4033,30,355
0,0.192871,31,355.319824
1,63914136,63914119,63915897,63915821,4061,31,355
0,-0.119629,32,355.341797
1,63913876,63914377,63915639,63916074,4058,32,355
0,0.293457,31,355.429688
1,63914286,63913981,63916035,63915673,4036,33,355
0,0.035156,21,355.407715
1,63914064,63914195,63915821,63915895,4054,34,355
0,-0.015625,31,355.429688
1,63914043,63914222,63915794,63915910,4033,35,355
0,-0.151855,17,355.451660
1,63914315,63913947,63916069,63915645,4048,36,355
0,-0.116699,24,355.385742
1,63914048,63914198,63915818,63915910,4084,37,355
0,0.144043,25,355.385742
1,63913966,63914300,63915716,63915997,4043,38,355
0,0.046875,25,355.407715
1,63913963,63914299,63915717,63915988,4038,39,355
0,0.069824,24,355.385742
1,63914336,63913931,63916085,63915624,4037,40,355
0,-0.212402,31,355.429688
1,63913978,63914291,63915725,63915981,4031,41,355
0,-0.236816,30,355.319824
1,63914321,63913937,63916079,63915637,4056,42,355
0,-0.093262,17,355.363770
1,63914214,63914046,63915970,63915742,4048,43,355
0,0.077637,24,355.319824
1,63913995,63914266,63915750,63915965,4051,44,355
0,-0.205566,29,355.407715
1,63914138,63914115,63915901,63915812,4058,45,355
0,0.089355,26,355.451660
1,63914077,63914176,63915840,63915880,4066,46,355
0,-0.119629,31,355.385742
1,63914200,63914065,63915951,63915762,4044,47,355
0,-0.107910,34,355.363770
1,63914168,63914099,63915917,63915783,4026,48,355
0,-0.341309,10,355.451660
1,63913938,63914318,63915698,63916012,4051,49,355
0,-0.119629,22,355.407715
1,63914090,63914171,63915845,63915856,4034,50,355
0,-0.285645,9,355.429688
1,63914301,63913968,63916048,63915655,4027,51,355
0,0.201660,36,355.473633
1,63914138,63914115,63915901,63915809,4054,52,355
0,-0.205566,26,355.385742
1,63913982,63914288,63915728,63915974,4025,53,355
0,0.220215,30,355.473633
1,63913981,63914285,63915731,63915972,4031,54,355
0,0.026367,17,355.319824
1,63914154,63914109,63915907,63915799,4038,55,355
0,0.046875,27,355.407715
1,63913916,63914347,63915669,63916035,4036,56,355
0,0.101074,31,355.473633
1,63914283,63913983,63916033,63915673,4034,57,355
0,0.022461,30,355.451660
1,63914092,63914170,63915846,63915860,4039,58,355
0,0.015625,26,355.363770
1,63914119,63914132,63915884,63915833,4065,59,355
0,-0.031250,27,355.363770
1,63914101,63914169,63915847,63915850,4019,60,355
0,-0.139160,10,355.451660
1,63914210,63914059,63915957,63915754,4037,61,355
0,-0.107910,29,355.385742
1,63914041,63914228,63915788,63915914,4026,62,355
0,-0.201660,29,355.495605
1,63914043,63914220,63915796,63915911,4039,63,355
0,0.027344,14,355.341797
1,63914332,63913939,63916077,63915632,4032,64,355
0,-0.065918,34,355.275879
1,63914065,63914214,63915802,63915895,4009,65,355
0,-0.181152,27,355.429688
1,63914132,63914121,63915895,63915816,4056,66,355
0,-0.124512,17,355.341797
1,63914298,63913973,63916043,63915659,4024,67,355
0,-0.136230,31,355.473633
1,63914031,63914231,63915785,63915926,4045,68,355
0,-0.140137,27,355.363770
1,63914029,63914233,63915783,63915927,4044,69,355
0,-0.089355,29,355.429688
1,63914220,63914045,63915971,63915740,4041,70,355
0,0.101074,29,355.407715
1,63914249,63914018,63915998,63915709,4034,71,355
0,0.146973,32,355.495605
1,63914362,63913898,63916118,63915591,4045,72,355
0,0.148926,31,355.407715
1,63914034,63914232,63915784,63915921,4033,73,355
0,0.171387,21,355.385742
1,63914323,63913933,63916083,63915634,4059,74,355
0,-0.212402,36,355.407715
1,63913991,63914275,63915741,63915971,4041,75,355
0,0.225098,40,355.429688
1,63914100,63914161,63915855,63915854,4044,76,355
0,0.140137,31,355.429688
1,63914299,63913968,63916048,63915655,4030,77,355
0,-0.144043,11,355.407715
1,63914042,63914220,63915796,63915914,4044,78,355
0,-0.332520,14,355.407715
1,63914299,63913965,63916051,63915653,4034,79,355
0,-0.035156,8,355.407715
1,63914097,63914168,63915848,63915859,4037,80,355
0,0.257324,28,355.363770
1,63914220,63914045,63915971,63915739,4040,81,355
0,0.135254,25,355.517578
1,63913947,63914305,63915711,63916009,4067,82,355
0,-0.233887,16,355.451660
1,63914259,63914001,63916015,63915698,4050,83,355
0,0.135254,33,355.429688
1,63913981,63914288,63915728,63915978,4031,84,355
0,-0.139160,13,355.341797
1,63914076,63914176,63915840,63915885,4073,85,355
0,0.011719,34,355.363770
1,63914146,63914117,63915899,63915810,4041,86,355
0,0.212402,25,355.363770
1,63914182,63914070,63915946,63915771,4064,87,355
0,-0.181152,25,355.429688
1,63914167,63914101,63915915,63915788,4029,88,355
0,0.119629,28,355.363770
1,63914105,63914160,63915856,63915846,4031,89,355
0,-0.042969,14,355.517578
1,63914186,63914081,63915935,63915772,4034,90,355
0,0.084473,24,355.495605
1,63914293,63913975,63916041,63915664,4031,91,355
0,0.068848,29,355.341797
1,63914007,63914255,63915761,63915947,4041,92,355
0,-0.108887,30,355.407715
1,63914177,63914087,63915929,63915781,4041,93,355
0,-0.085449,33,355.429688
1,63914186,63914064,63915952,63915766,4067,94,355
0,0.031250,23,355.385742
1,63914369,63913888,63916128,63915580,4047,95,355
0,0.027344,18,355.451660
1,63913984,63914282,63915734,63915972,4034,96,355
0,-0.185059,18,355.341797
1,63914154,63914108,63915908,63915798,4039,97,355
0,-0.089355,26,355.407715
1,63914153,63914109,63915907,63915796,4036,98,355
0,0.132324,28,355.429688
1,63914070,63914181,63915835,63915884,4067,99,355
0,-0.209473,23,355.363770
1,63914173,63914093,63915923,63915780,4031,100,355
0,-0.285645,32,355.451660
1,63913974,63914296,63915720,63915979,4021,101,355
0,-0.104004,10,355.451660
1,63913937,63914317,63915699,63916023,4067,102,355
0,-0.208496,35,355.385742
1,63914053,63914210,63915806,63915908,4047,103,355
0,-0.328613,37,355.407715
1,63914293,63913974,63916042,63915661,4030,104,355
0,0.019531,29,355.363770
1,63914235,63914035,63915981,63915728,4033,105,355
0,-0.334473,31,355.363770
1,63913922,63914340,63915676,63916034,4044,106,355
0,-0.093262,28,355.385742
1,63913964,63914307,63915709,63915995,4026,107,355
0,0.196777,27,355.363770
1,63914078,63914175,63915841,63915882,4070,108,355
0,0.174316,29,355.407715
1,63914087,63914174,63915842,63915870,4047,109,355
0,-0.344238,20,355.407715
1,63914175,63914089,63915927,63915779,4037,110,355
0,-0.255371,37,355.319824
1,63914280,63913978,63916038,63915675,4052,111,355
0,0.041992,20,355.451660
1,63914055,63914205,63915811,63915905,4053,112,355
0,0.027344,41,355.319824
1,63914245,63914021,63915995,63915715,4039,113,355
0,-0.188965,27,355.429688
1,63914216,63914044,63915972,63915742,4051,114,355
0,-0.132324,26,355.407715
1,63913962,63914300,63915716,63915998,4048,115,355
0,0.062012,26,355.341797
1,63913970,63914297,63915719,63915989,4036,116,355
0,-0.281738,14,355.363770
1,63914263,63913994,63916022,63915697,4060,117,355
0,-0.003906,18,355.363770
1,63913917,63914348,63915668,63916036,4033,118,355
0,-0.069824,12,355.473633
1,63914131,63914120,63915896,63915823,4067,119,355
0,-0.344238,32,355.429688
1,63914370,63913889,63916127,63915587,4052,120,355
0,0.065918,24,355.473633
1,63914372,63913877,63916139,63915584,4074,121,355
0,0.007812,22,355.429688
1,63913873,63914375,63915641,63916072,4064,122,355
0,-0.085449,29,355.429688
1,63913912,63914350,63915666,63916038,4037,123,355
0,-0.124512,14,355.385742
1,63914247,63914014,63916002,63915705,4041,124,355
0,-0.108887,23,355.407715
1,63914001,63914259,63915757,63915954,4047,125,355
0,-0.140137,30,355.429688
1,63914304,63913962,63916054,63915651,4033,126,355
0,-0.197754,23,355.495605
1,63914114,63914150,63915866,63915842,4039,127,355
0,-0.105957,40,355.385742
1,63914167,63914099,63915917,63915787,4032,128,355
0,0.136230,32,355.429688
1,63914322,63913932,63916084,63915634,4063,129,355
0,-0.228027,30,355.451660
1,63914283,63913982,63916034,63915673,4037,130,355
0,-0.401367,24,355.363770
1,63914071,63914188,63915828,63915882,4047,131,355
0,-0.042969,33,355.319824
1,63913883,63914378,63915638,63916073,4046,132,355
0,0.154785,29,355.341797
1,63913962,63914305,63915711,63915991,4029,133,355
0,0.120605,25,355.297852
1,63913999,63914268,63915748,63915954,4029,134,355
0,0.000000,32,355.385742
1,63914269,63913992,63916024,63915694,4054,135,355
0,-0.200684,31,355.407715
1,63914180,63914079,63915937,63915771,4045,136,355
0,-0.259277,17,355.341797
1,63914212,63914054,63915962,63915740,4030,137,355
0,0.263184,26,355.407715
1,63914333,63913924,63916092,63915623,4056,138,355
0,0.136230,16,355.341797
1,63913948,63914301,63915715,63916006,4072,139,355
0,-0.111816,29,355.385742
1,63914170,63914092,63915924,63915782,4039,140,355
0,-0.192871,34,355.341797
1,63913891,63914366,63915650,63916058,4047,141,355
0,0.093262,25,355.407715
1,63914081,63914176,63915840,63915869,4048,142,355
0,0.116699,28,355.451660
1,63914363,63913901,63916115,63915589,4034,143,355
0,-0.081543,36,355.429688
1,63914029,63914235,63915781,63915929,4041,144,355
0,-0.011719,22,355.341797
1,63914368,63913898,63916118,63915588,4034,145,355
0,0.061035,37,355.319824
1,63914343,63913921,63916095,63915621,4048,146,355
0,0.147949,29,355.385742
1,63914246,63914025,63915991,63915714,4027,147,355
0,-0.241699,16,355.495605
1,63914114,63914141,63915875,63915840,4058,148,355
0,0.115723,33,355.407715
1,63914366,63913891,63916125,63915587,4052,149,355
0,-0.196777,22,355.385742
1,63913968,63914299,63915717,63915991,4036,150,355
0,0.011719,25,355.407715
1,63913998,63914266,63915750,63915963,4045,151,355
0,0.188965,36,355.495605
1,63913912,63914355,63915661,63916036,4023,152,355
0,-0.208496,9,355.319824
1,63914300,63913969,63916047,63915655,4026,153,355
0,-0.117676,12,355.451660
1,63914111,63914148,63915868,63915837,4041,154,355
0,-0.247559,18,355.473633
1,63914355,63913909,63916107,63915598,4036,155,355
0,-0.302246,22,355.275879
1,63914015,63914250,63915766,63915948,4045,156,355
0,-0.015625,26,355.385742
1,63913965,63914303,63915713,63915996,4036,157,355
0,0.019531,27,355.385742
1,63914297,63913967,63916049,63915653,4032,158,355
0,0.136230,6,355.407715
1,63913998,63914263,63915753,63915964,4053,159,355
0,-0.240723,36,355.341797
1,63913885,63914369,63915647,63916070,4061,160,355
0,-0.041992,21,355.363770
1,63914104,63914164,63915852,63915850,4027,161,355
0,-0.239746,15,355.363770
1,63914046,63914207,63915809,63915913,4068,162,355
0,0.177246,23,355.341797
1,63914168,63914097,63915919,63915782,4030,163,355
0,-0.155762,16,355.341797
1,63914358,63913908,63916108,63915598,4034,164,355
0,0.228027,28,355.341797
1,63913901,63914359,63915657,63916051,4044,165,355
0,0.046875,30,355.407715
1,63914096,63914167,63915849,63915856,4037,166,355
0,-0.046875,28,355.473633
1,63914224,63914042,63915974,63915733,4036,167,355
0,-0.031250,29,355.341797
1,63914217,63914043,63915973,63915738,4047,168,355
0,-0.015625,15,355.407715
1,63914237,63914025,63915991,63915716,4040,169,355
0,0.328613,27,355.363770
1,63914260,63913998,63916018,63915694,4051,170,355
0,0.085449,30,355.297852
1,63914017,63914246,63915770,63915942,4045,171,355
0,-0.340332,28,355.407715
1,63914002,63914257,63915759,63915958,4056,172,355
0,-0.155762,23,355.407715
1,63914025,63914236,63915780,63915929,4044,173,355
0,0.069824,21,355.429688
1,63914295,63913971,63916045,63915660,4033,174,355
0,-0.386719,27,355.429688
1,63914027,63914235,63915781,63915929,4044,175,355
0,0.169434,24,355.385742
1,63914168,63914095,63915921,63915784,4037,176,355
0,-0.104980,18,355.385742
1,63914354,63913913,63916103,63915595,4024,177,355
0,-0.035156,8,355.319824
1,63914061,63914206,63915810,63915899,4037,178,355
0,0.107910,26,355.429688
1,63914168,63914093,63915923,63915785,4043,179,355
0,0.174316,30,355.407715
1,63913981,63914285,63915731,63915974,4033,180,355
0,0.068848,36,355.407715
1,63913987,63914271,63915745,63915972,4057,181,355
0,-0.069824,21,355.429688
1,63914140,63914118,63915898,63915808,4044,182,355
0,-0.003906,26,355.407715
1,63914319,63913942,63916074,63915639,4048,183,355
0,0.143066,37,355.319824
1,63914072,63914184,63915832,63915887,4061,184,355
0,0.120605,34,355.407715
1,63913971,63914298,63915718,63915983,4025,185,355
0,-0.146973,26,355.363770
1,63914038,63914213,63915803,63915915,4066,186,355
0,-0.202637,30,355.473633
1,63914238,63914015,63916001,63915718,4065,187,355
0,0.169434,33,355.429688
1,63914341,63913915,63916101,63915611,4053,188,355
0,-0.204590,46,355.363770
1,63914189,63914064,63915952,63915767,4065,189,355
0,-0.069824,25,355.385742
1,63913876,63914379,63915637,63916079,4059,190,355
0,-0.042969,34,355.363770
1,63914303,63913953,63916063,63915646,4050,191,355
0,-0.088379,18,355.407715
1,63914365,63913898,63916118,63915589,4039,192,355
0,-0.007812,36,355.319824
1,63914270,63913993,63916023,63915694,4051,193,355
0,-0.089355,32,355.407715
1,63914049,63914217,63915799,63915910,4038,194,355
0,-0.228027,34,355.385742
1,63914250,63914010,63916006,63915705,4047,195,355
0,0.108887,15,355.407715
1,63914202,63914052,63915964,63915756,4065,196,355
0,-0.089355,27,355.385742
1,63913932,63914319,63915697,63916016,4060,197,355
0,0.111816,30,355.363770
1,63914170,63914091,63915925,63915782,4041,198,355
0,-0.433594,13,355.341797
1,63914360,63913907,63916109,63915592,4027,199,355
0,-0.328613,32,355.363770
1,63914363,63913880,63916136,63915589,4084,200,355
0,0.101074,34,355.385742
1,63914283,63913980,63916036,63915675,4044,201,355
0,-0.085449,28,355.341797
1,63914361,63913903,63916113,63915591,4034,202,355
0,0.231934,12,355.473633
1,63913881,63914373,63915643,63916071,4058,203,355
0,-0.229004,20,355.407715
1,63914242,63914024,63915992,63915713,4033,204,355
0,0.019531,36,355.363770
1,63914217,63914048,63915968,63915745,4044,205,355
0,0.108887,30,355.319824
1,63913955,63914305,63915711,63916004,4052,206,355
0,-0.319824,26,355.341797
1,63913882,63914377,63915639,63916061,4036,207,355
0,-0.228027,26,355.407715
1,63914104,63914162,63915854,63915849,4031,208,355
0,0.108887,8,355.341797
1,63913918,63914345,63915671,63916035,4038,209,355
0,-0.144043,17,355.429688
1,63913952,63914304,63915712,63916005,4059,210,355
0,-0.094238,27,355.407715
1,63914166,63914102,63915914,63915791,4031,211,355
0,-0.030273,32,355.451660
1,63914355,63913911,63916105,63915600,4033,212,355
0,-0.196777,27,355.429688
1,63914257,63914007,63916009,63915702,4043,213,355
0,-0.069824,25,355.429688
1,63914177,63914075,63915941,63915771,4058,214,355
0,-0.181152,30,355.341797
1,63914323,63913942,63916074,63915633,4037,215,355
0,-0.335449,23,355.363770
1,63914107,63914152,63915864,63915844,4045,216,355
0,0.193848,32,355.429688
1,63913943,63914309,63915707,63916018,4073,217,355
0,-0.097168,35,355.341797
1,63914092,63914170,63915846,63915865,4045,218,355
0,-0.173340,18,355.341797
1,63913891,63914368,63915648,63916058,4043,219,355
0,0.135254,26,355.429688
1,63914100,63914162,63915854,63915847,4033,220,355
0,-0.081543,12,355.363770
1,63914250,63914015,63916001,63915710,4041,221,355
0,0.077637,36,355.363770
1,63913883,63914368,63915648,63916060,4054,222,355
0,-0.076660,23,355.363770
1,63914157,63914106,63915910,63915793,4034,223,355
0,-0.137207,21,355.341797
1,63914181,63914081,63915935,63915776,4045,224,355
0,0.147949,34,355.363770
1,63913994,63914263,63915753,63915959,4052,225,355
0,-0.125488,15,355.341797
1,63914272,63914006,63916010,63915685,4007,226,355
0,-0.239746,27,355.363770
1,63914101,63914162,63915854,63915852,4038,227,355
0,0.111816,34,355.363770
1,63914213,63914045,63915971,63915741,4051,228,355
0,-0.085449,21,355.319824
1,63914028,63914234,63915782,63915923,4038,229,355
0,0.046875,25,355.429688
1,63913880,63914372,63915644,63916066,4056,230,355
0,-0.239746,27,355.385742
1,63913919,63914346,63915670,63916035,4034,231,355
0,-0.548828,28,355.473633
1,63913962,63914299,63915717,63915998,4051,232,355
0,-0.135254,24,355.429688
1,63914356,63913908,63916108,63915601,4040,233,355
0,-0.089355,30,355.363770
1,63914048,63914213,63915803,63915901,4038,234,355
0,-0.193848,17,355.385742
1,63914261,63913999,63916017,63915698,4052,235,355
0,-0.213379,24,355.341797
1,63914022,63914237,63915779,63915937,4054,236,355
0,-0.097168,29,355.407715
1,63913996,63914262,63915754,63915957,4050,237,355
0,0.108887,16,355.429688
1,63914335,63913916,63916100,63915621,4070,238,355
0,0.174316,25,355.341797
1,63913942,63914319,63915697,63916011,4043,239,355
0,-0.204590,22,355.407715
1,63914107,63914152,63915864,63915835,4034,240,355
0,-0.189941,11,355.473633
1,63914228,63914036,63915980,63915722,4032,241,355
0,0.068848,9,355.363770
1,63914302,63913961,63916055,63915650,4037,242,355
0,-0.128418,15,355.429688
1,63914174,63914097,63915919,63915786,4027,243,355
0,0.073730,30,355.429688
1,63914129,63914116,63915900,63915817,4072,244,355
0,-0.150879,32,355.363770
1,63914308,63913951,63916065,63915645,4047,245,355
0,0.000000,39,355.363770
1,63913875,63913877,63915627,63915570,4040,246,355
0,-0.097168,33,355.385742
1,63914221,63914045,63915971,63915735,4034,247,355
0,0.097168,21,355.385742
1,63914097,63914170,63915846,63915858,4031,248,355
0,0.015625,26,355.341797
1,63914101,63914161,63915855,63915849,4037,249,355
0,0.062012,32,355.385742
1,63914105,63914162,63915854,63915851,4032,250,355
0,-0.123535,34,355.341797
1,63914290,63913979,63916037,63915669,4031,251,355
0,0.144043,47,355.363770
1,63914073,63914187,63915829,63915881,4046,252,355
0,0.073730,27,355.473633
1,63914364,63913897,63916119,63915592,4046,253,355
0,0.125488,32,355.363770
1,63914266,63913999,63916017,63915695,4043,254,355
0,-0.069824,25,355.429688
1,63913977,63914288,63915728,63915977,4034,255,355
0,0.150879,27,355.473633
1,63913962,63914299,63915717,63915989,4040,256,355
0,0.173340,25,355.385742
1,63914114,63914139,63915877,63915834,4056,257,355
0,-0.108887,13,355.363770
1,63914223,63914037,63915979,63915728,4043,258,355
0,0.069824,28,355.473633
1,63913918,63914340,63915676,63916033,4047,259,355
0,0.127441,19,355.407715
1,63913974,63914292,63915724,63915978,4030,260,355
0,-0.077637,4,355.385742
1,63913989,63914277,63915739,63915966,4033,261,355
0,-0.136230,22,355.429688
1,63914320,63913930,63916086,63915631,4066,262,355
0,-0.115723,34,355.363770
1,63914160,63914106,63915910,63915794,4032,263,355
0,-0.169434,14,355.363770
1,63913932,63914323,63915693,63916011,4045,264,355
0,0.003906,19,355.429688
1,63914242,63914025,63915991,63915710,4027,265,355
0,-0.003906,12,355.407715
1,63914108,63914154,63915862,63915844,4039,266,355
0,-0.216309,21,355.385742
1,63914360,63913906,63916110,63915589,4026,267,355
0,-0.285645,18,355.363770
1,63914223,63914039,63915977,63915724,4033,268,355
0,-0.143066,9,355.473633
1,63914051,63914205,63915811,63915899,4051,269,355
0,-0.042969,17,355.363770
1,63913966,63914297,63915719,63915992,4044,270,355
0,0.178223,24,355.429688
1,63914120,63914123,63915893,63915824,4074,271,355
0,-0.366699,34,355.495605
1,63914255,63913997,63916019,63915694,4059,272,355
0,-0.201660,34,355.363770
1,63914112,63914135,63915881,63915833,4066,273,355
0,0.073730,20,355.363770
1,63913884,63914373,63915643,63916068,4051,274,355
0,-0.128418,21,355.407715
1,63914212,63914046,63915970,63915734,4041,275,355
0,-0.183105,13,355.385742
1,63914013,63914246,63915770,63915944,4052,276,355
0,-0.093262,33,355.429688
1,63914106,63914151,63915865,63915842,4046,277,355
0,0.150879,37,355.297852
1,63914092,63914168,63915848,63915857,4040,278,355
0,-0.097168,31,355.429688
1,63914059,63914191,63915825,63915887,4060,279,355
0,-0.101074,25,355.429688
1,63913953,63914304,63915712,63915995,4046,280,355
0,0.316895,25,355.363770
1,63913893,63914365,63915651,63916054,4043,281,355
0,0.243652,29,355.407715
1,63914316,63913934,63916082,63915637,4068,282,355
0,-0.128418,35,355.407715
1,63913900,63914359,63915657,63916047,4040,283,355
0,-0.204590,14,355.451660
1,63914376,63913885,63916131,63915569,4033,284,355
0,-0.318848,14,355.407715
1,63914358,63913904,63916112,63915592,4037,285,355
0,0.263184,35,355.363770
1,63914334,63913933,63916083,63915625,4036,286,355
0,0.007812,31,355.429688
1,63913992,63914259,63915757,63915959,4064,287,355
0,-0.267090,24,355.341797
1,63913901,63914359,63915657,63916048,4040,288,355
0,-0.081543,28,355.385742
1,63914354,63913913,63916103,63915601,4031,289,355
0,-0.068848,26,355.473633
1,63914165,63914099,63915917,63915785,4032,290,355
0,-0.108887,31,355.363770
1,63914174,63914088,63915928,63915777,4038,291,355
0,0.093262,36,355.429688
1,63914184,63914069,63915947,63915771,4064,292,355
0,-0.132324,37,355.407715
1,63914362,63913906,63916110,63915589,4024,293,355
0,-0.261230,10,355.407715
1,63914354,63913911,63916105,63915597,4031,294,355
0,0.101074,32,355.385742
1,63914368,63913896,63916120,63915583,4033,295,355
0,-0.003906,38,355.363770
1,63914165,63914099,63915917,63915782,4029,296,355
0,-0.101074,10,355.429688
1,63913993,63914267,63915749,63915959,4044,297,355
0,-0.123535,38,355.385742
1,63914004,63914251,63915765,63915952,4060,298,355
0,-0.243652,33,355.363770
1,63914171,63914086,63915930,63915778,4047,299,355
0,0.077637,18,355.429688
1,63914044,63914218,63915798,63915908,4039,300,355
0,-0.224121,20,355.363770
1,63914091,63914168,63915848,63915856,4040,301,355
0,0.011719,14,355.495605
1,63914262,63914005,63916011,63915690,4027,302,355
0,-0.243652,32,355.451660
1,63914363,63913897,63916119,63915587,4041,303,355
0,-0.096191,25,355.385742
1,63914370,63913883,63916133,63915574,4051,304,355
0,-0.062012,19,355.407715
1,63914372,63913875,63916141,63915578,4072,305,355
0,-0.151855,25,355.341797
1,63914233,63914035,63915981,63915722,4029,306,355
0,-0.081543,15,355.407715
1,63914380,63914379,63916149,63916078,4067,307,355
0,0.204590,23,355.363770
1,63913901,63914360,63915656,63916047,4037,308,355
0,-0.128418,10,355.341797
1,63913957,63914300,63915716,63915991,4046,309,355
0,0.011719,27,355.473633
1,63914015,63914241,63915775,63915933,4048,310,355
0,0.080566,14,355.385742
1,63914139,63914109,63915907,63915800,4057,311,355
0,0.019531,11,355.473633
1,63914259,63913997,63916019,63915690,4050,312,355
0,0.062012,18,355.363770
1,63914043,63914223,63915793,63915910,4031,313,355
0,-0.279785,29,355.275879
1,63914203,63914054,63915962,63915749,4051,314,355
0,-0.108887,20,355.363770
1,63914291,63913976,63916040,63915661,4027,315,355
0,-0.190918,23,355.385742
1,63914204,63914048,63915968,63915739,4052,316,355
0,-0.336426,17,355.363770
1,63914091,63914170,63915846,63915858,4038,317,355
0,-0.305176,12,355.341797
1,63914095,63914165,63915851,63915856,4043,318,355
0,0.000000,30,355.385742
1,63913930,63914323,63915693,63916019,4057,319,355
0,-0.204590,27,355.341797
1,63914240,63914024,63915992,63915705,4026,320,355
0,-0.178223,12,355.363770
1,63914033,63914230,63915786,63915915,4032,321,355
0,-0.064941,29,355.275879
1,63913879,63914375,63915641,63916065,4048,322,355
0,0.185059,18,355.341797
1,63913966,63914298,63915718,63915988,4037,323,355
0,-0.253418,21,355.297852
1,63913963,63914299,63915717,63915983,4032,324,355
0,-0.062012,10,355.451660
1,63913990,63914278,63915738,63915968,4032,325,355
0,-0.174316,25,355.363770
1,63914030,63914235,63915781,63915926,4037,326,355
0,0.003906,27,355.363770
1,63914237,63914028,63915988,63915717,4034,327,355
0,-0.369629,29,355.429688
1,63914095,63914168,63915848,63915853,4032,328,355
0,-0.425781,9,355.275879
1,63914112,63914136,63915880,63915833,4064,329,355
0,-0.141113,14,355.341797
1,63914007,63914256,63915760,63915947,4039,330,355
0,-0.031250,28,355.363770
1,63914116,63914137,63915879,63915835,4059,331,355
0,-0.181152,19,355.407715
1,63913909,63914353,63915663,63916041,4037,332,355
0,0.091309,32,355.341797
1,63914244,63914019,63915997,63915709,4038,333,355
0,0.011719,27,355.473633
1,63914025,63914236,63915780,63915928,4043,334,355
0,0.140137,24,355.407715
1,63914099,63914162,63915854,63915850,4038,335,355
0,0.107910,30,355.385742
1,63914035,63914230,63915786,63915919,4034,336,355
0,0.031250,20,355.407715
1,63913979,63914288,63915728,63915976,4031,337,355
0,0.200684,27,355.451660
1,63913923,63914340,63915676,63916026,4033,338,355
0,0.000000,14,355.473633
1,63914347,63913913,63916103,63915604,4043,339,355
0,-0.019531,25,355.385742
1,63914283,63913982,63916034,63915672,4036,340,355
0,0.201660,29,355.429688
1,63914298,63913965,63916051,63915652,4034,341,355
0,0.011719,22,355.407715
1,63913892,63914365,63915651,63916056,4046,342,355
0,-0.093262,26,355.473633
1,63914213,63914048,63915968,63915735,4037,343,355
0,-0.042969,18,355.473633
1,63914174,63914082,63915934,63915779,4054,344,355
0,-0.011719,17,355.495605
1,63914100,63914163,63915853,63915848,4032,345,355
0,0.224121,30,355.385742
1,63914100,63914167,63915849,63915855,4031,346,355
0,0.035156,29,355.429688
1,63914046,63914214,63915802,63915908,4046,347,355
0,-0.255371,32,355.363770
1,63914287,63913981,63916035,63915666,4026,348,355
0,0.188965,26,355.429688
1,63914264,63913993,63916023,63915694,4058,349,355
0,-0.015625,32,355.473633
1,63914252,63914008,63916008,63915703,4047,350,355
0,-0.239746,22,355.495605
1,63914097,63914167,63915849,63915852,4031,351,355
0,-0.156738,23,355.407715
1,63914178,63914081,63915935,63915778,4051,352,355
0,0.007812,33,355.319824
1,63914170,63914098,63915918,63915781,4024,353,355
0,-0.183105,12,355.429688
1,63914372,63913878,63916138,63915574,4060,354,355
0,0.123535,35,355.429688
1,63914106,63914163,63915853,63915846,4023,355,355
0,-0.073730,16,355.363770
1,63913990,63914273,63915743,63915969,4045,356,355
0,-0.019531,23,355.407715
1,63914011,63914249,63915767,63915933,4034,357,355
0,0.228027,22,355.319824
1,63914172,63914088,63915928,63915780,4044,358,355
0,0.088379,15,355.341797
1,63913872,63914376,63915640,63916070,4060,359,355
0,-0.336426,17,355.451660
1,63913963,63914296,63915720,63915986,4043,360,355
0,-0.042969,25,355.495605
1,63913991,63914263,63915753,63915953,4048,361,355
0,-0.065918,14,355.385742
1,63914293,63913974,63916042,63915660,4029,362,355
0,-0.101074,29,355.407715
1,63914049,63914216,63915800,63915902,4031,363,355
0,-0.003906,25,355.385742
1,63914339,63913916,63916100,63915607,4048,364,355
0,0.189941,30,355.429688
1,63914020,63914242,63915774,63915934,4041,365,355
0,0.123535,26,355.429688
1,63914105,63914155,63915861,63915844,4040,366,355
0,0.072754,38,355.407715
1,63914301,63913959,63916057,63915651,4044,367,355
0,-0.186035,17,355.451660
1,63914109,63914149,63915867,63915839,4044,368,355
0,-0.283691,12,355.473633
1,63914166,63914094,63915922,63915782,4039,369,355
0,-0.228027,9,355.341797
1,63914120,63914123,63915893,63915821,4071,370,355
0,-0.155762,26,355.341797
1,63914284,63913981,63916035,63915670,4034,371,355
0,0.046875,23,355.341797
1,63914232,63914031,63915985,63915718,4034,372,355
0,-0.136230,35,355.363770
1,63914186,63914065,63915951,63915764,4063,373,355
0,-0.441406,25,355.297852
1,63913898,63914365,63915651,63916056,4039,374,355
0,-0.061035,27,355.429688
1,63913967,63914295,63915721,63915983,4037,375,355
0,0.031250,26,355.341797
1,63914000,63914258,63915758,63915954,4051,376,355
0,-0.252441,19,355.407715
1,63914316,63913935,63916081,63915633,4061,377,355
0,-0.108887,26,355.363770
1,63914007,63914253,63915763,63915952,4052,378,355
0,-0.101074,33,355.429688
1,63913890,63914363,63915653,63916059,4057,379,355
0,0.111816,23,355.451660
1,63914099,63914165,63915851,63915855,4037,380,355
0,0.069824,25,355.363770
1,63914324,63913923,63916093,63915619,4064,381,355
0,-0.089355,19,355.407715
1,63913935,63914316,63915700,63916006,4052,382,355
0,-0.089355,19,355.429688
1,63913918,63914342,63915674,63916028,4037,383,355
0,0.035156,16,355.385742
