1,63913983,63914346,63916182,63916411,5001,0,355
0,-0.093262,18,355.341797
1,63914259,63914072,63916456,63916131,4992,1,355
0,0.035156,17,355.341797
1,63913974,63914358,63916170,63916426,5001,2,355
0,-0.105957,21,355.341797
1,63913910,63913909,63916107,63915979,5004,3,355
0,-0.093262,20,355.341797
1,63914183,63914141,63916387,63916212,5014,4,355
0,0.170410,10,355.407715
1,63914297,63914037,63916491,63916101,4994,5,355
0,-0.081543,4,355.341797
1,63914361,63913975,63916553,63916029,4980,6,355
0,-0.019531,21,355.363770
1,63914034,63914293,63916235,63916364,5010,7,355
0,-0.077637,20,355.319824
1,63914225,63914097,63916431,63916169,5017,8,355
0,0.131348,24,355.341797
1,63914155,63914169,63916359,63916244,5018,9,355
0,-0.042969,22,355.495605
1,63914323,63914012,63916516,63916076,4993,10,355
0,0.085449,15,355.341797
1,63914167,63914160,63916368,63916233,5013,11,355
0,-0.142090,28,355.363770
1,63914363,63913961,63916567,63916032,5014,12,355
0,-0.069824,18,355.341797
1,63914383,63913952,63916576,63916008,4983,13,355
0,-0.143066,6,355.363770
1,63914040,63914286,63916242,63916351,5004,14,355
0,0.073730,0,355.407715
1,63914212,63914106,63916422,63916181,5026,15,355
0,-0.144043,6,355.429688
1,63914066,63914264,63916264,63916335,5007,16,355
0,-0.100098,27,355.319824
1,63914130,63914199,63916329,63916256,4992,17,355
0,0.112793,17,355.407715
1,63914308,63914021,63916507,63916084,4999,18,355
0,0.007812,18,355.429688
1,63914027,63914302,63916226,63916364,4997,19,355
0,-0.003906,7,355.407715
1,63914034,63914285,63916243,63916353,5016,20,355
0,-0.007812,17,355.363770
1,63914049,63914281,63916247,63916346,5000,21,355
0,0.182129,14,355.495605
1,63913976,63914346,63916182,63916418,5017,22,355
0,-0.027344,16,355.341797
1,63914164,63914160,63916368,63916229,5011,23,355
0,0.146973,20,355.407715
1,63914113,63914221,63916307,63916273,4980,24,355
0,0.065918,10,355.429688
1,63914332,63913992,63916536,63916050,4999,25,355
0,0.135254,8,355.363770
1,63914266,63914052,63916476,63916128,5027,26,355
0,-0.179199,26,355.363770
1,63914148,63914172,63916356,63916244,5020,27,355
0,0.281738,11,355.407715
1,63914014,63914313,63916215,63916383,5009,28,355
0,-0.094238,20,355.363770
1,63914027,63914307,63916221,63916373,4996,29,355
0,-0.073730,14,355.385742
1,63913986,63914345,63916183,63916412,5001,30,355
0,0.046875,28,355.407715
1,63914343,63913979,63916549,63916051,5017,31,355
0,0.062012,10,355.341797
1,63914046,63914283,63916245,63916349,5002,32,355
0,0.285645,27,355.407715
1,63914257,63914077,63916451,63916133,4984,33,355
0,-0.023438,9,355.341797
1,63914241,63914091,63916437,63916156,4997,34,355
0,0.035156,30,355.341797
1,63914195,63914148,63916380,63916200,4969,35,355
0,-0.104004,21,355.385742
1,63914005,63914316,63916212,63916383,5013,36,355
0,0.069824,11,355.363770
1,63914042,63914287,63916241,63916354,5003,37,355
0,0.027344,7,355.363770
1,63914289,63914037,63916491,63916103,5006,38,355
0,0.247559,6,355.429688
1,63913913,63913905,63916111,63915967,4996,39,355
0,0.074707,4,355.363770
1,63914297,63914030,63916498,63916098,5007,40,355
0,0.101074,21,355.363770
1,63914290,63914036,63916492,63916106,5010,41,355
0,-0.104004,5,355.407715
1,63913948,63914367,63916161,63916456,5045,42,355
0,-0.078613,30,355.385742
1,63913925,63913878,63916138,63915957,5034,43,355
0,-0.208496,24,355.451660
1,63914253,63914083,63916445,63916148,4993,44,355
0,-0.097168,18,355.451660
1,63914105,63914223,63916305,63916286,5000,45,355
0,0.093262,18,355.473633
1,63914355,63913970,63916558,63916041,5013,46,355
0,0.123535,24,355.495605
1,63914291,63914037,63916491,63916107,5008,47,355
0,-0.019531,24,355.385742
1,63914224,63914121,63916407,63916185,4981,48,355
0,0.042969,13,355.341797
1,63914232,63914098,63916430,63916159,4995,49,355
0,0.096191,23,355.363770
1,63914069,63914263,63916265,63916324,4993,50,355
0,-0.035156,7,355.363770
1,63914165,63914160,63916368,63916230,5011,51,355
0,-0.023438,16,355.385742
1,63913969,63914356,63916172,63916424,5009,52,355
0,0.233887,11,355.385742
1,63914370,63913969,63916559,63916024,4977,53,355
0,0.097168,27,355.297852
1,63914259,63914064,63916464,63916124,5002,54,355
0,0.113770,11,355.297852
1,63914320,63914021,63916507,63916077,4976,55,355
0,0.000000,26,355.319824
1,63913907,63913905,63916111,63915974,5011,56,355
0,0.182129,23,355.363770
1,63914240,63914092,63916436,63916164,5006,57,355
0,0.023438,7,355.341797
1,63914041,63914285,63916243,63916355,5010,58,355
0,-0.073730,8,355.385742
1,63914107,63914222,63916306,63916290,5004,59,355
0,-0.085449,24,355.407715
1,63914108,63914220,63916308,63916288,5006,60,355
0,-0.010742,22,355.407715
1,63913980,63914352,63916176,63916425,5007,61,355
0,-0.035156,21,355.385742
1,63914047,63914286,63916242,63916351,4996,62,355
0,0.062012,22,355.451660
1,63914379,63913956,63916572,63916020,4993,63,355
0,0.065918,10,355.363770
1,63914304,63914025,63916503,63916096,5008,64,355
0,0.007812,25,355.429688
1,63914329,63913973,63916555,63916050,5047,65,355
0,0.104980,6,355.451660
1,63914191,63914129,63916399,63916203,5022,66,355
0,-0.305176,9,355.385742
1,63914053,63914285,63916243,63916346,4986,67,355
0,-0.097168,10,355.429688
1,63914072,63914239,63916289,63916319,5040,68,355
0,0.181152,13,355.319824
1,63914056,63914275,63916253,63916338,4996,69,355
0,0.239746,27,355.407715
1,63914008,63914315,63916213,63916392,5022,70,355
0,-0.132324,12,355.341797
1,63914116,63914215,63916313,63916278,4996,71,355
0,0.046875,25,355.363770
1,63914325,63913983,63916545,63916064,5044,72,355
0,0.121582,22,355.429688
1,63914000,63914340,63916188,63916399,4981,73,355
0,-0.039062,11,355.451660
1,63914309,63914027,63916501,63916084,4983,74,355
0,0.019531,19,355.407715
1,63914306,63914026,63916502,63916091,4997,75,355
0,-0.011719,8,355.385742
1,63913983,63914348,63916180,63916413,4999,76,355
0,0.213379,24,355.341797
1,63914233,63914100,63916428,63916165,4996,77,355
0,-0.042969,4,355.407715
1,63914018,63914290,63916238,63916373,5047,78,355
0,-0.007812,9,355.363770
1,63913998,63914333,63916195,63916399,5000,79,355
0,0.216309,22,355.341797
1,63914249,63914086,63916442,63916145,4987,80,355
0,0.198730,3,355.407715
1,63914348,63913976,63916552,63916055,5023,81,355
0,-0.237793,25,355.341797
1,63914041,63914286,63916242,63916355,5008,82,355
0,0.015625,24,355.363770
1,63914132,63914199,63916329,63916268,5003,83,355
0,0.081543,10,355.341797
1,63914259,63914075,63916453,63916141,4996,84,355
0,-0.039062,11,355.363770
1,63914190,63914139,63916389,63916211,5009,85,355
0,-0.023438,15,355.385742
1,63913892,63913913,63916103,63916003,5044,86,355
0,0.042969,15,355.451660
1,63913970,63914369,63916159,63916433,4988,87,355
0,-0.096191,8,355.407715
1,63914349,63913973,63916555,63916041,5013,88,355
0,0.019531,20,355.385742
1,63913938,63913884,63916132,63915941,4986,89,355
0,-0.027344,18,355.341797
1,63914111,63914216,63916312,63916282,5004,90,355
0,0.232910,27,355.407715
1,63914178,63914155,63916373,63916217,4993,91,355
0,0.019531,23,355.473633
1,63914339,63913996,63916532,63916050,4981,92,355
0,-0.019531,9,355.341797
1,63914266,63914068,63916460,63916141,5004,93,355
0,0.077637,15,355.429688
1,63914365,63913966,63916562,63916035,5003,94,355
0,0.108887,20,355.429688
1,63914303,63914028,63916500,63916098,5004,95,355
0,-0.041992,7,355.363770
1,63914267,63914052,63916476,63916125,5022,96,355
0,-0.042969,13,355.407715
1,63914374,63913961,63916567,63916021,4988,97,355
0,-0.085449,4,355.407715
1,63914008,63914318,63916210,63916393,5016,98,355
0,-0.216309,9,355.385742
1,63913973,63914354,63916174,63916435,5022,99,355
0,0.125488,10,355.341797
1,63914316,63914014,63916514,63916079,5000,100,355
0,-0.085449,7,355.473633
1,63914113,63914217,63916311,63916288,5007,101,355
0,-0.293457,19,355.407715
1,63913880,63913939,63916077,63916006,5001,102,355
0,0.073730,11,355.407715
1,63914096,63914226,63916302,63916298,5017,103,355
0,-0.035156,5,355.363770
1,63914066,63914267,63916261,63916337,5002,104,355
0,0.119629,15,355.407715
1,63914330,63913982,63916546,63916064,5041,105,355
0,-0.131348,15,355.451660
1,63913964,63914365,63916163,63916433,5004,106,355
0,0.147949,22,355.363770
1,63914342,63913983,63916545,63916048,5006,107,355
0,0.192871,10,355.385742
1,63914062,63914270,63916258,63916325,4986,108,355
0,-0.116699,7,355.429688
1,63914127,63914203,63916325,63916276,5009,109,355
0,-0.085449,16,355.407715
1,63914116,63914218,63916310,63916282,4994,110,355
0,0.073730,9,355.385742
1,63913902,63913928,63916088,63915980,4970,111,355
0,0.235840,8,355.385742
1,63913888,63913909,63916107,63916001,5056,112,355
0,0.039062,13,355.319824
1,63914329,63913995,63916533,63916062,5009,113,355
0,0.213379,13,355.341797
1,63914077,63914251,63916277,63916328,5016,114,355
0,-0.023438,21,355.341797
1,63914383,63913944,63916584,63916015,5010,115,355
0,0.068848,7,355.517578
1,63914048,63914284,63916244,63916346,4994,116,355
0,-0.038086,24,355.429688
1,63913983,63914350,63916178,63916417,4999,117,355
0,0.077637,26,355.341797
1,63913986,63914343,63916185,63916409,5002,118,355
0,0.144043,20,355.363770
1,63914072,63914249,63916279,63916319,5016,119,355
0,-0.107910,11,355.319824
1,63914115,63914219,63916309,63916282,4993,120,355
0,0.173340,18,355.363770
1,63914113,63914216,63916312,63916283,5003,121,355
0,0.073730,22,355.407715
1,63914062,63914277,63916251,63916339,4986,122,355
0,-0.131348,26,355.341797
1,63914361,63913967,63916561,63916035,5006,123,355
0,-0.257324,21,355.341797
1,63914296,63914034,63916494,63916102,5003,124,355
0,-0.085449,23,355.385742
1,63913907,63913920,63916096,63915989,4994,125,355
0,-0.062012,21,355.451660
1,63914278,63914057,63916471,63916135,5009,126,355
0,-0.116699,27,355.385742
1,63914147,63914159,63916369,63916240,5047,127,355
0,-0.120605,14,355.429688
1,63914381,63913953,63916575,63916008,4983,128,355
0,0.111816,10,355.429688
1,63914288,63914038,63916490,63916108,5010,129,355
0,0.193848,9,355.363770
1,63914097,63914229,63916299,63916299,5010,130,355
0,0.140137,6,355.319824
1,63914115,63914194,63916334,63916272,5040,131,355
0,-0.139160,15,355.451660
1,63914320,63914012,63916516,63916070,4989,132,355
0,0.000000,5,355.451660
1,63914168,63914155,63916373,63916230,5020,133,355
0,-0.188965,21,355.341797
1,63914369,63913967,63916561,63916031,4992,134,355
0,0.019531,25,355.385742
1,63914294,63914048,63916480,63916098,4968,135,355
0,-0.146973,16,355.451660
1,63913884,63913929,63916087,63915998,5010,136,355
0,-0.003906,10,355.341797
1,63913918,63913905,63916111,63915967,4990,137,355
0,-0.045898,23,355.385742
1,63914170,63914159,63916369,63916230,5008,138,355
0,0.015625,5,355.385742
1,63914221,63914104,63916424,63916171,5008,139,355
0,0.150879,8,355.451660
1,63914093,63914226,63916302,63916298,5021,140,355
0,0.092285,6,355.363770
1,63913918,63913901,63916115,63915964,4996,141,355
0,0.065918,23,355.363770
1,63914336,63913997,63916531,63916046,4977,142,355
0,-0.123535,21,355.385742
1,63913983,63914348,63916180,63916416,5002,143,355
0,0.039062,24,355.429688
1,63914254,63914080,63916448,63916151,5002,144,355
0,-0.183105,16,355.363770
1,63914000,63914320,63916208,63916398,5027,145,355
0,0.027344,11,355.385742
1,63914303,63914028,63916500,63916099,5006,146,355
0,-0.209473,24,355.341797
1,63913952,63914360,63916168,63916441,5040,147,355
0,-0.100098,4,355.429688
1,63914250,63914088,63916440,63916150,4987,148,355
0,0.143066,21,355.363770
1,63914286,63914032,63916496,63916106,5024,149,355
0,0.187012,14,355.429688
1,63913942,63913881,63916135,63915943,4990,150,355
0,0.107910,16,355.319824
1,63913875,63913959,63916057,63916016,4972,151,355
0,0.065918,9,355.407715
1,63914175,63914154,63916374,63916223,5006,152,355
0,-0.035156,22,355.451660
1,63914302,63914032,63916496,63916100,4999,153,355
0,0.177246,20,355.319824
1,63913876,63913948,63916068,63916012,4992,154,355
0,0.123535,9,355.407715
1,63913912,63913906,63916110,63915978,5008,155,355
0,0.200684,21,355.385742
1,63914258,63914058,63916470,63916142,5038,156,355
0,0.123535,12,355.385742
1,63914161,63914172,63916356,63916237,4996,157,355
0,0.116699,7,355.363770
1,63914171,63914160,63916368,63916229,5003,158,355
0,0.015625,24,355.385742
1,63914365,63913966,63916562,63916032,5000,159,355
0,-0.015625,16,355.429688
1,63914191,63914148,63916380,63916204,4979,160,355
0,-0.019531,25,355.385742
1,63914323,63914002,63916526,63916076,5016,161,355
0,-0.116699,9,355.319824
1,63914052,63914280,63916248,63916342,4994,162,355
0,0.065918,21,355.407715
1,63914181,63914158,63916370,63916220,4986,163,355
0,0.319824,24,355.363770
1,63914037,63914292,63916236,63916360,5004,164,355
0,-0.120605,17,355.407715
1,63913969,63914363,63916165,63916431,5001,165,355
0,0.193848,7,355.429688
1,63914265,63914078,63916450,63916140,4981,166,355
0,0.283691,8,355.385742
1,63914168,63914163,63916365,63916234,5006,167,355
0,-0.011719,10,355.429688
1,63914137,63914182,63916346,63916262,5030,168,355
0,0.208496,17,355.363770
1,63913930,63913896,63916120,63915957,4986,169,355
0,0.115723,25,355.473633
1,63914036,63914289,63916239,63916362,5015,170,355
0,-0.031250,23,355.407715
1,63914075,63914264,63916264,63916321,4980,171,355
0,-0.105957,27,355.451660
1,63914320,63914019,63916509,63916085,4990,172,355
0,-0.119629,23,355.407715
1,63914281,63914046,63916482,63916117,5010,173,355
0,-0.150879,13,355.451660
1,63914041,63914286,63916242,63916357,5010,174,355
0,0.120605,8,355.341797
1,63913912,63913900,63916116,63915972,5015,175,355
0,0.196777,21,355.363770
1,63914304,63914020,63916508,63916098,5022,176,355
0,-0.081543,24,355.429688
1,63914236,63914087,63916441,63916162,5020,177,355
0,0.062012,23,355.363770
1,63914305,63914037,63916491,63916099,4982,178,355
0,-0.113770,11,355.429688
1,63913909,63913905,63916111,63915977,5013,179,355
0,0.155762,7,355.363770
1,63913961,63914380,63916148,63916454,4997,180,355
0,0.015625,19,355.341797
1,63914319,63914007,63916521,63916071,5003,181,355
0,0.045898,7,355.385742
1,63914307,63914028,63916500,63916088,4988,182,355
0,0.011719,18,355.473633
1,63913913,63913907,63916109,63915976,5002,183,355
0,-0.007812,5,355.385742
1,63913900,63913943,63916073,63915997,4957,184,355
0,0.066895,11,355.385742
1,63914253,63914085,63916443,63916144,4983,185,355
0,0.039062,19,355.407715
1,63914213,63914110,63916418,63916185,5020,186,355
0,0.039062,12,355.407715
1,63913927,63913892,63916124,63915963,5006,187,355
0,0.188965,24,355.341797
1,63914233,63914096,63916432,63916170,5011,188,355
0,-0.145020,22,355.363770
1,63914320,63913993,63916535,63916083,5049,189,355
0,0.092285,14,355.429688
1,63913892,63913937,63916079,63915985,4967,190,355
0,0.062012,6,355.341797
1,63914033,63914288,63916240,63916364,5023,191,355
0,-0.042969,7,355.407715
1,63913927,63913904,63916112,63915961,4975,192,355
0,-0.011719,19,355.473633
1,63914076,63914238,63916290,63916325,5044,193,355
0,0.076660,16,355.473633
1,63914300,63914036,63916492,63916102,4994,194,355
0,-0.104004,20,355.385742
1,63913878,63913946,63916070,63916009,4990,195,355
0,0.107910,8,355.473633
1,63914151,63914168,63916360,63916240,5021,196,355
0,0.034180,7,355.451660
1,63914173,63914156,63916372,63916227,5008,197,355
0,-0.019531,5,355.341797
1,63914125,63914208,63916320,63916266,4988,198,355
0,0.019531,9,355.385742
1,63914099,63914228,63916300,63916298,5009,199,355
0,0.119629,20,355.363770
1,63913873,63913939,63916077,63916008,5011,200,355
0,0.027344,18,355.407715
1,63914114,63914219,63916309,63916287,5000,201,355
0,-0.146973,23,355.385742
1,63914316,63914014,63916514,63916083,5004,202,355
0,0.104980,13,355.385742
1,63913913,63913900,63916116,63915980,5023,203,355
0,-0.039062,10,355.407715
1,63914144,63914201,63916327,63916257,4972,204,355
0,0.046875,12,355.385742
1,63914314,63914018,63916510,63916079,4993,205,355
0,-0.007812,23,355.297852
1,63914357,63913971,63916557,63916038,5004,206,355
0,-0.152832,8,355.319824
1,63914000,63914332,63916196,63916402,5003,207,355
0,-0.015625,9,355.429688
1,63914278,63914047,63916481,63916120,5015,208,355
0,0.003906,11,355.363770
1,63914241,63914084,63916444,63916155,5013,209,355
0,0.000000,14,355.429688
1,63914256,63914073,63916455,63916146,5010,210,355
0,-0.027344,9,355.451660
1,63914024,63914317,63916211,63916385,4990,211,355
0,0.389648,16,355.363770
1,63914038,63914292,63916236,63916372,5017,212,355
0,0.000000,22,355.341797
1,63914106,63914223,63916305,63916287,5000,213,355
0,-0.108887,4,355.451660
1,63914378,63913952,63916576,63916017,5000,214,355
0,0.077637,22,355.319824
1,63914133,63914188,63916340,63916261,5020,215,355
0,0.046875,12,355.363770
1,63914201,63914110,63916418,63916200,5051,216,355
0,0.124512,13,355.341797
1,63914066,63914274,63916254,63916331,4979,217,355
0,-0.139160,7,355.429688
1,63914259,63914072,63916456,63916142,5004,218,355
0,-0.027344,23,355.363770
1,63913941,63913890,63916126,63915951,4980,219,355
0,0.062012,28,355.407715
1,63914315,63914019,63916509,63916082,4993,220,355
0,0.047852,3,355.429688
1,63914243,63914091,63916437,63916156,4995,221,355
0,0.187012,16,355.363770
1,63914362,63913974,63916554,63916034,4987,222,355
0,0.003906,15,355.341797
1,63914095,63914230,63916298,63916306,5018,223,355
0,0.039062,18,355.297852
1,63913884,63913945,63916071,63916006,4982,224,355
0,0.093262,12,355.407715
1,63914378,63913956,63916572,63916018,4992,225,355
0,-0.027344,4,355.407715
1,63914304,63914030,63916498,63916103,5004,226,355
0,0.115723,24,355.341797
1,63913966,63914357,63916171,63916436,5024,227,355
0,0.131348,8,355.319824
1,63914130,63914210,63916318,63916269,4981,228,355
0,0.196777,20,355.451660
1,63914042,63914287,63916241,63916355,5004,229,355
0,-0.108887,5,355.363770
1,63914252,63914087,63916441,63916145,4981,230,355
0,-0.131348,18,355.363770
1,63913964,63914358,63916170,63916443,5033,231,355
0,-0.073730,19,355.385742
1,63914116,63914219,63916309,63916285,4995,232,355
0,0.092285,6,355.363770
1,63913950,63914371,63916157,63916455,5033,233,355
0,0.073730,15,355.429688
1,63914235,63914099,63916429,63916165,4996,234,355
0,0.085449,6,355.341797
1,63914072,63914273,63916255,63916336,4980,235,355
0,0.150879,14,355.363770
1,63914048,63914285,63916243,63916358,5006,236,355
0,-0.104980,8,355.319824
1,63913927,63913891,63916125,63915957,5001,237,355
0,0.301270,17,355.341797
1,63914336,63913984,63916544,63916065,5030,238,355
0,-0.023438,14,355.341797
1,63913937,63913892,63916124,63915957,4987,239,355
0,0.119629,11,355.385742
1,63914180,63914150,63916378,63916216,5001,240,355
0,0.065918,11,355.385742
1,63914290,63914033,63916495,63916111,5023,241,355
0,0.092285,21,355.407715
1,63914120,63914213,63916315,63916271,4988,242,355
0,-0.003906,9,355.429688
1,63914284,63914043,63916485,63916122,5020,243,355
0,0.081543,14,355.319824
1,63914232,63914097,63916431,63916170,5010,244,355
0,-0.014648,21,355.407715
1,63914367,63913960,63916568,63916028,5007,245,355
0,-0.154785,8,355.407715
1,63914182,63914132,63916396,63916217,5042,246,355
0,0.035156,10,355.341797
1,63914327,63914027,63916501,63916073,4949,247,355
0,0.073730,11,355.385742
1,63914132,63914198,63916330,63916267,5004,248,355
0,0.115723,10,355.341797
1,63914064,63914254,63916274,63916334,5031,249,355
0,0.173340,14,355.407715
1,63914016,63914327,63916201,63916393,4986,250,355
0,0.077637,14,355.407715
1,63913890,63913930,63916086,63915990,4992,251,355
0,0.039062,7,355.341797
1,63913904,63913922,63916094,63915980,4982,252,355
0,0.169434,7,355.363770
1,63914295,63914033,63916495,63916112,5018,253,355
0,-0.204590,20,355.385742
1,63914103,63914229,63916299,63916304,5009,254,355
0,-0.185059,20,355.385742
1,63914092,63914235,63916293,63916311,5016,255,355
0,-0.085449,10,355.363770
1,63914316,63914019,63916509,63916082,4992,256,355
0,0.015625,10,355.385742
1,63914051,63914284,63916244,63916358,5004,257,355
0,0.173340,9,355.429688
1,63914100,63914236,63916292,63916315,5009,258,355
0,-0.190918,27,355.341797
1,63914124,63914209,63916319,63916286,5010,259,355
0,-0.085449,6,355.385742
1,63914092,63914241,63916287,63916304,4994,260,355
0,0.347168,9,355.363770
1,63913988,63914345,63916183,63916404,4989,261,355
0,-0.042969,22,355.385742
1,63913976,63914355,63916173,63916425,5004,262,355
0,0.088379,7,355.363770
1,63914018,63914295,63916233,63916383,5047,263,355
0,-0.140137,20,355.407715
1,63914053,63914276,63916252,63916340,5000,264,355
0,0.077637,24,355.363770
1,63914041,63914293,63916235,63916362,5000,265,355
0,0.204590,8,355.407715
1,63913938,63914370,63916158,63916462,5057,266,355
0,0.027344,23,355.341797
1,63914361,63913966,63916562,63916040,5014,267,355
0,-0.011719,17,355.319824
1,63914315,63914015,63916513,63916077,4996,268,355
0,-0.093262,7,355.363770
1,63913974,63914355,63916173,63916440,5024,269,355
0,-0.145020,26,355.429688
1,63914255,63914068,63916460,63916152,5030,270,355
0,0.328613,14,355.451660
1,63914158,63914165,63916363,63916250,5031,271,355
0,-0.077637,11,355.275879
1,63913915,63913903,63916113,63915977,5010,272,355
0,0.073730,6,355.407715
1,63913917,63913898,63916118,63915965,5006,273,355
0,-0.097168,21,355.429688
1,63914178,63914150,63916378,63916224,5013,274,355
0,-0.081543,6,355.429688
1,63913988,63914334,63916194,63916410,5022,275,355
0,-0.068848,19,355.473633
1,63914242,63914078,63916450,63916160,5031,276,355
0,-0.356934,8,355.451660
1,63913989,63914350,63916178,63916419,4994,277,355
0,-0.069824,6,355.429688
1,63914378,63913958,63916570,63916023,4993,278,355
0,0.031250,25,355.407715
1,63913931,63913892,63916124,63915959,4996,279,355
0,0.120605,9,355.451660
1,63914310,63914025,63916503,63916095,5000,280,355
0,0.116699,9,355.429688
1,63914179,63914154,63916374,63916219,4996,281,355
0,-0.042969,7,355.407715
1,63914247,63914097,63916431,63916158,4979,282,355
0,-0.169434,5,355.341797
1,63914061,63914272,63916256,63916343,5003,283,355
0,-0.003906,7,355.451660
1,63914181,63914137,63916391,63916211,5024,284,355
0,0.003906,8,355.407715
1,63914374,63913960,63916568,63916018,4987,285,355
0,-0.046875,6,355.429688
1,63913994,63914346,63916182,63916410,4987,286,355
0,0.027344,9,355.473633
1,63913933,63914383,63916145,63916472,5044,287,355
0,-0.077637,17,355.429688
1,63914255,63914087,63916441,63916148,4981,288,355
0,0.127441,9,355.363770
1,63914255,63914083,63916445,63916148,4990,289,355
0,0.088379,10,355.407715
1,63914129,63914213,63916315,63916269,4975,290,355
0,0.081543,16,355.363770
1,63913991,63914348,63916180,63916412,4988,291,355
0,0.027344,8,355.385742
1,63914313,63914031,63916497,63916093,4980,292,355
0,0.000000,8,355.319824
1,63914237,63914092,63916436,63916162,5007,293,355
0,0.062012,16,355.319824
1,63913978,63914354,63916174,63916423,5002,294,355
0,0.045898,8,355.429688
1,63913901,63913908,63916108,63915991,5031,295,355
0,-0.045898,20,355.407715
1,63913883,63913930,63916086,63916008,5021,296,355
0,0.097168,11,355.363770
1,63914310,63914026,63916502,63916086,4987,297,355
0,-0.031250,9,355.429688
1,63914043,63914289,63916239,63916359,5003,298,355
0,-0.116699,7,355.473633
1,63914297,63914036,63916492,63916104,5000,299,355
0,0.042969,6,355.429688
1,63914023,63914314,63916214,63916381,4994,300,355
0,0.285645,11,355.385742
1,63913944,63913873,63916143,63915954,5020,301,355
0,-0.076660,16,355.341797
1,63914058,63914277,63916251,63916340,4992,302,355
0,0.046875,6,355.363770
1,63913980,63914353,63916175,63916425,5004,303,355
0,-0.088379,21,355.429688
1,63914277,63914048,63916480,63916113,5006,304,355
0,0.251465,7,355.363770
1,63914202,63914112,63916416,63916191,5035,305,355
0,0.096191,10,355.407715
1,63914327,63914018,63916510,63916081,4980,306,355
0,-0.061035,12,355.407715
1,63914372,63913967,63916561,63916031,4988,307,355
0,0.259277,21,355.363770
1,63914226,63914104,63916424,63916178,5010,308,355
0,0.251465,5,355.385742
1,63914370,63913957,63916571,63916031,5014,309,355
0,-0.011719,8,355.363770
1,63914082,63914266,63916262,63916316,4961,310,355
0,0.011719,5,355.385742
1,63913912,63913904,63916112,63915975,5009,311,355
0,-0.007812,17,355.385742
1,63914119,63914222,63916306,63916284,4983,312,355
0,0.007812,20,355.429688
1,63913953,63914381,63916147,63916462,5014,313,355
0,-0.007812,11,355.341797
1,63914095,63914247,63916281,63916321,4996,314,355
0,-0.152832,28,355.429688
1,63914310,63914019,63916509,63916092,5010,315,355
0,0.123535,21,355.385742
1,63914201,63914133,63916395,63916203,5001,316,355
0,0.061035,13,355.363770
1,63914296,63914032,63916496,63916106,5013,317,355
0,0.030273,7,355.319824
1,63913930,63913895,63916121,63915959,4990,318,355
0,-0.035156,10,355.385742
1,63914293,63914038,63916490,63916107,5003,319,355
0,0.045898,4,355.253906
1,63914111,63914228,63916300,63916289,4984,320,355
0,-0.023438,19,355.385742
1,63913918,63913908,63916108,63915973,4990,321,355
0,-0.081543,20,355.385742
1,63914372,63913967,63916561,63916028,4984,322,355
0,-0.069824,18,355.407715
1,63914303,63914031,63916497,63916096,4995,323,355
0,-0.177246,19,355.451660
1,63914254,63914085,63916443,63916154,4994,324,355
0,0.011719,24,355.341797
1,63913924,63913896,63916120,63915956,4992,325,355
0,0.169434,20,355.407715
1,63914116,63914214,63916314,63916274,4994,326,355
0,0.104980,16,355.341797
1,63914325,63914007,63916521,63916082,5009,327,355
0,0.181152,14,355.363770
1,63914052,63914280,63916248,63916346,4999,328,355
0,0.186035,17,355.231934
1,63914175,63914153,63916375,63916230,5016,329,355
0,-0.042969,19,355.363770
1,63913980,63914355,63916173,63916426,5001,330,355
0,-0.042969,20,355.341797
1,63914275,63914069,63916459,63916128,4976,331,355
0,-0.085449,13,355.341797
1,63913997,63914346,63916182,63916409,4982,332,355
0,-0.147949,22,355.319824
1,63914304,63914035,63916493,63916100,4989,333,355
0,0.140137,19,355.319824
1,63914172,63914154,63916374,63916231,5018,334,355
0,0.019531,16,355.451660
1,63914361,63913968,63916560,63916041,5010,335,355
0,0.007812,19,355.319824
1,63914217,63914097,63916431,63916184,5044,336,355
0,-0.042969,9,355.363770
1,63913886,63913923,63916093,63915997,5021,337,355
0,0.281738,17,355.363770
1,63913936,63913882,63916134,63915955,5009,338,355
0,0.022461,11,355.319824
1,63913980,63914349,63916179,63916417,5004,339,355
0,0.097168,4,355.407715
1,63913901,63913914,63916102,63915984,5009,340,355
0,-0.039062,8,355.407715
1,63914223,63914101,63916427,63916186,5030,341,355
0,-0.208496,6,355.363770
1,63914019,63914291,63916237,63916386,5058,342,355
0,0.003906,24,355.363770
1,63914334,63913993,63916535,63916067,5014,343,355
0,0.093262,20,355.319824
1,63914014,63914335,63916193,63916395,4972,344,355
0,-0.073730,15,355.407715
1,63913949,63914382,63916146,63916458,5011,345,355
0,-0.069824,12,355.363770
1,63914003,63914336,63916192,63916401,4989,346,355
0,0.112793,15,355.407715
1,63913980,63914354,63916174,63916419,4995,347,355
0,-0.007812,6,355.319824
1,63914331,63913998,63916530,63916068,5007,348,355
0,0.104980,21,355.385742
1,63913979,63914350,63916178,63916418,5004,349,355
0,-0.169434,14,355.429688
1,63914102,63914222,63916306,63916302,5024,350,355
0,0.177246,22,355.341797
1,63913913,63913906,63916110,63915978,5007,351,355
0,-0.023438,6,355.363770
1,63914111,63914221,63916307,63916290,5002,352,355
0,-0.146973,22,355.319824
1,63914359,63913965,63916563,63916033,5010,353,355
0,-0.027344,4,355.407715
1,63914182,63914153,63916375,63916221,4997,354,355
0,-0.085449,21,355.429688
1,63913926,63913898,63916118,63915964,4994,355,355
0,0.111816,23,355.385742
1,63914182,63914147,63916381,63916218,5008,356,355
0,-0.046875,20,355.451660
1,63913924,63913885,63916131,63915959,5021,357,355
0,0.129395,11,355.429688
1,63914244,63914095,63916433,63916159,4988,358,355
0,-0.154785,5,355.319824
1,63914236,63914095,63916433,63916165,5004,359,355
0,0.121582,17,355.319824
1,63913912,63913911,63916105,63915982,5001,360,355
0,-0.042969,18,355.363770
1,63914231,63914103,63916425,63916164,4990,361,355
0,-0.081543,5,355.473633
1,63913980,63914337,63916191,63916421,5037,362,355
0,-0.144043,7,355.473633
1,63914035,63914313,63916215,63916381,4982,363,355
0,-0.205566,18,355.385742
1,63914159,63914170,63916358,63916247,5015,364,355
0,0.247559,16,355.319824
1,63914372,63913957,63916571,63916028,5008,365,355
0,0.135254,8,355.407715
1,63913983,63914351,63916177,63916421,5001,366,355
0,-0.301270,19,355.341797
1,63913924,63913895,63916121,63915966,5006,367,355
0,-0.069824,20,355.341797
1,63914246,63914085,63916443,63916152,5001,368,355
0,-0.035156,19,355.385742
1,63914223,63914101,63916427,63916179,5022,369,355
0,0.042969,8,355.429688
1,63914119,63914206,63916322,63916285,5022,370,355
0,-0.101074,9,355.363770
1,63914350,63913971,63916557,63916059,5037,371,355
0,-0.085449,23,355.385742
1,63914379,63913956,63916572,63916024,4997,372,355
0,0.315918,10,355.407715
1,63914227,63914110,63916418,63916174,4990,373,355
0,-0.085449,4,355.385742
1,63913942,63913884,63916132,63915949,4990,374,355
0,0.116699,12,355.363770
1,63914097,63914222,63916306,63916297,5024,375,355
0,-0.151855,8,355.319824
1,63914375,63913952,63916576,63916021,5008,376,355
0,0.031250,21,355.451660
1,63913960,63914380,63916148,63916446,4989,377,355
0,-0.015625,10,355.407715
1,63913908,63913914,63916102,63915980,4996,378,355
0,-0.093262,6,355.385742
1,63914263,63914079,63916449,63916155,4999,379,355
0,-0.206543,14,355.429688
1,63914345,63913999,63916529,63916059,4977,380,355
0,0.027344,9,355.363770
1,63913983,63914355,63916173,63916418,4988,381,355
0,-0.019531,7,355.275879
1,63914115,63914219,63916309,63916284,4995,382,355
0,0.042969,24,355.407715
1,63914126,63914201,63916327,63916278,5017,383,355
0,0.042969,23,355.451660
1,63914219,63914120,63916408,63916195,5001,384,355
0,0.188965,16,355.407715
1,63914351,63913973,63916555,63916047,5017,385,355
0,-0.015625,5,355.363770
1,63914039,63914286,63916242,63916366,5023,386,355
0,0.181152,11,355.363770
1,63914309,63914023,63916505,63916093,5003,387,355
0,0.034180,25,355.363770
1,63913995,63914333,63916195,63916410,5016,388,355
0,0.209473,17,355.297852
1,63913933,63913888,63916128,63915956,5000,389,355
0,0.115723,25,355.363770
1,63914186,63914154,63916374,63916215,4983,390,355
0,0.077637,9,355.451660
1,63913998,63914340,63916188,63916410,4996,391,355
0,0.041992,23,355.385742
1,63914317,63914007,63916521,63916087,5024,392,355
0,0.023438,21,355.429688
1,63914373,63913957,63916571,63916024,5002,393,355
0,0.154785,22,355.407715
1,63914181,63914149,63916379,63916223,5010,394,355
0,0.386719,18,355.473633
1,63913893,63913920,63916096,63915991,5013,395,355
0,-0.065918,18,355.407715
1,63914128,63914209,63916319,63916266,4982,396,355
0,0.027344,10,355.363770
1,63913930,63913903,63916113,63915966,4980,397,355
0,0.042969,18,355.429688
1,63914364,63913972,63916556,63916039,4995,398,355
0,-0.119629,5,355.451660
1,63914197,63914129,63916399,63916213,5027,399,355
0,-0.027344,14,355.429688
