1,63914098,63914297,63915207,63915365,2553,0,355
0,-0.243652,21,355.407715
1,63914285,63914102,63915402,63915180,2574,1,355
0,-0.132324,24,355.363770
1,63914302,63914095,63915409,63915148,2533,2,355
0,0.062012,8,355.451660
1,63914062,63914323,63915181,63915395,2569,3,355
0,0.045898,17,355.385742
1,63914219,63914171,63915333,63915243,2564,4,355
0,-0.309082,19,355.429688
1,63914027,63914362,63915142,63915441,2573,5,355
0,-0.113770,19,355.363770
1,63913882,63913990,63915002,63915065,2574,6,355
0,-0.023438,22,355.363770
1,63913981,63913901,63915091,63914961,2545,7,355
0,-0.109863,14,355.385742
1,63914116,63914257,63915247,63915334,2589,8,355
0,-0.003906,17,355.429688
1,63914170,63914226,63915278,63915279,2534,9,355
0,-0.115723,15,355.319824
1,63913985,63913887,63915105,63914957,2568,10,355
0,-0.007812,10,355.407715
1,63914295,63914095,63915409,63915154,2548,11,355
0,0.081543,8,355.473633
1,63914231,63914169,63915335,63915222,2530,12,355
0,0.042969,13,355.429688
1,63914319,63914055,63915449,63915139,2596,13,355
0,0.116699,18,355.407715
1,63913905,63913976,63915016,63915038,2548,14,355
0,-0.221191,18,355.407715
1,63914102,63914291,63915213,63915348,2542,15,355
0,-0.115723,14,355.451660
1,63914350,63914040,63915464,63915109,2560,16,355
0,-0.312988,22,355.429688
1,63914184,63914202,63915302,63915265,2558,17,355
0,0.139160,15,355.429688
1,63914072,63914310,63915194,63915378,2568,18,355
0,0.204590,16,355.363770
1,63913986,63913890,63915102,63914954,2556,19,355
0,0.186035,10,355.385742
1,63914315,63914060,63915444,63915140,2591,20,355
0,0.131348,19,355.407715
1,63914160,63914237,63915267,63915293,2537,21,355
0,-0.170410,15,355.407715
1,63914064,63914313,63915191,63915396,2592,22,355
0,-0.124512,31,355.429688
1,63914142,63914257,63915247,63915314,2535,23,355
0,0.139160,21,355.385742
1,63914147,63914237,63915267,63915309,2571,24,355
0,-0.062988,24,355.407715
1,63914085,63914300,63915204,63915368,2565,25,355
0,0.123535,18,355.385742
1,63913945,63913921,63915071,63914991,2575,26,355
0,-0.081543,19,355.319824
1,63914265,63914112,63915392,63915193,2589,27,355
0,0.073730,23,355.495605
1,63914041,63914349,63915155,63915414,2555,28,355
0,-0.362793,17,355.341797
1,63913900,63913981,63915011,63915050,2556,29,355
0,0.015625,24,355.385742
1,63913907,63913970,63915022,63915026,2546,30,355
0,0.046875,9,355.473633
1,63914189,63914196,63915308,63915263,2564,31,355
0,-0.084473,19,355.517578
1,63913940,63913935,63915057,63915007,2567,32,355
0,-0.392578,26,355.385742
1,63914321,63914065,63915439,63915140,2572,33,355
0,0.096191,20,355.451660
1,63914240,63914149,63915355,63915213,2555,34,355
0,-0.101074,15,355.385742
1,63914223,63914174,63915330,63915236,2544,35,355
0,-0.124512,20,355.363770
1,63914009,63914371,63915133,63915444,2576,36,355
0,0.101074,18,355.407715
1,63914089,63914300,63915204,63915369,2561,37,355
0,-0.077637,22,355.363770
1,63914096,63914293,63915211,63915355,2553,38,355
0,0.204590,13,355.341797
1,63913968,63913910,63915082,63914979,2560,39,355
0,-0.259277,20,355.341797
1,63914300,63914090,63915414,63915148,2547,40,355
0,-0.084473,6,355.363770
1,63914146,63914242,63915262,63915315,2567,41,355
0,-0.328613,28,355.473633
1,63914090,63914301,63915203,63915377,2567,42,355
0,-0.074707,27,355.429688
1,63914027,63914360,63915144,63915428,2562,43,355
0,0.003906,19,355.363770
1,63913892,63913985,63915007,63915051,2558,44,355
0,0.042969,21,355.407715
1,63913972,63913911,63915081,63914974,2547,45,355
0,-0.007812,16,355.429688
1,63913992,63913873,63915119,63914951,2586,46,355
0,-0.206543,21,355.407715
1,63913972,63913904,63915088,63914970,2559,47,355
0,-0.150879,17,355.363770
1,63913912,63913968,63915024,63915025,2544,48,355
0,-0.320801,14,355.429688
1,63914336,63914049,63915455,63915124,2573,49,355
0,-0.155762,24,355.429688
1,63914309,63914067,63915437,63915141,2582,50,355
0,-0.101074,17,355.363770
1,63914257,63914125,63915379,63915205,2582,51,355
0,-0.218262,25,355.385742
1,63914258,63914124,63915380,63915204,2582,52,355
0,-0.226074,24,355.429688
1,63914170,63914217,63915287,63915274,2549,53,355
0,-0.076660,16,355.407715
1,63914093,63914294,63915210,63915364,2565,54,355
0,-0.097168,20,355.385742
1,63913924,63913950,63915042,63915013,2558,55,355
0,0.000000,19,355.363770
1,63914178,63914213,63915291,63915272,2547,56,355
0,-0.136230,23,355.319824
1,63914281,63914108,63915396,63915181,2566,57,355
0,0.285645,22,355.297852
1,63914278,63914107,63915397,63915186,2578,58,355
0,-0.027344,26,355.451660
1,63914113,63914273,63915231,63915336,2558,59,355
0,-0.128418,12,355.363770
1,63914004,63914372,63915132,63915450,2587,60,355
0,0.024414,21,355.341797
1,63913977,63913902,63915090,63914962,2548,61,355
0,0.000000,10,355.319824
1,63913876,63913997,63914995,63915063,2562,62,355
0,0.062012,23,355.341797
1,63914292,63914097,63915407,63915161,2555,63,355
0,0.019531,15,355.429688
1,63914043,63914346,63915158,63915409,2554,64,355
0,-0.137207,16,355.363770
1,63913999,63913873,63915119,63914943,2568,65,355
0,0.023438,18,355.363770
1,63913896,63913984,63915008,63915048,2552,66,355
0,-0.185059,21,355.363770
1,63914315,63914072,63915432,63915140,2562,67,355
0,0.089355,22,355.341797
1,63914243,63914133,63915371,63915210,2586,68,355
0,-0.084473,16,355.363770
1,63914109,63914273,63915231,63915335,2561,69,355
0,0.185059,13,355.275879
1,63914060,63914316,63915188,63915395,2588,70,355
0,-0.194824,27,355.473633
1,63913875,63913996,63914996,63915066,2569,71,355
0,-0.201660,22,355.451660
1,63914155,63914241,63915263,63915305,2547,72,355
0,-0.011719,22,355.275879
1,63914121,63914255,63915249,63915333,2587,73,355
0,-0.011719,17,355.407715
1,63914109,63914265,63915239,63915339,2585,74,355
0,-0.120605,12,355.385742
1,63914055,63914337,63915167,63915400,2551,75,355
0,-0.108887,22,355.495605
1,63914053,63914338,63915166,63915398,2548,76,355
0,0.046875,16,355.407715
1,63914016,63914362,63915142,63915444,2589,77,355
0,0.196777,24,355.429688
1,63914284,63914102,63915402,63915179,2574,78,355
0,0.003906,23,355.363770
1,63914164,63914234,63915270,63915286,2531,79,355
0,-0.119629,14,355.407715
1,63914137,63914250,63915254,63915311,2554,80,355
0,0.221191,19,355.429688
1,63914139,63914242,63915262,63915304,2562,81,355
0,0.139160,17,355.385742
1,63913964,63913915,63915077,63914976,2549,82,355
0,-0.155762,16,355.407715
1,63914276,63914110,63915394,63915191,2579,83,355
0,0.027344,25,355.495605
1,63914117,63914261,63915243,63915333,2578,84,355
0,-0.354980,20,355.407715
1,63914066,63914317,63915187,63915391,2574,85,355
0,-0.027344,19,355.363770
1,63914011,63914368,63915136,63915444,2581,86,355
0,0.003906,20,355.429688
1,63914317,63914049,63915455,63915140,2614,87,355
0,-0.069824,21,355.429688
1,63914087,63914298,63915206,63915373,2573,88,355
0,-0.003906,22,355.385742
1,63913974,63913904,63915088,63914969,2555,89,355
0,-0.132324,16,355.495605
1,63914363,63914012,63915492,63915085,2582,90,355
0,-0.007812,12,355.407715
1,63914094,63914297,63915207,63915358,2549,91,355
0,0.088379,14,355.341797
1,63913939,63913934,63915058,63915002,2565,92,355
0,0.147949,18,355.407715
1,63913924,63913946,63915046,63915015,2569,93,355
0,0.015625,14,355.429688
1,63913906,63913977,63915015,63915028,2533,94,355
0,0.011719,7,355.429688
1,63914282,63914105,63915399,63915178,2568,95,355
0,0.023438,21,355.473633
1,63914035,63914357,63915147,63915417,2547,96,355
0,0.094238,12,355.429688
1,63913938,63913926,63915066,63915002,2585,97,355
0,-0.128418,20,355.451660
1,63914237,63914150,63915354,63915211,2554,98,355
0,0.186035,10,355.407715
1,63914124,63914247,63915257,63915327,2595,99,355
0,-0.007812,21,355.473633
1,63914364,63914020,63915484,63915085,2562,100,355
0,-0.174316,17,355.319824
1,63914212,63914175,63915329,63915253,2574,101,355
0,-0.116699,25,355.429688
1,63914061,63914322,63915182,63915392,2569,102,355
0,0.085449,20,355.363770
1,63914033,63914366,63915138,63915429,2542,103,355
0,-0.169434,22,355.495605
1,63913946,63913933,63915059,63914998,2554,104,355
0,0.085449,20,355.407715
1,63913938,63913938,63915054,63915010,2566,105,355
0,-0.336426,22,355.385742
1,63914315,63914069,63915435,63915142,2572,106,355
0,-0.131348,25,355.451660
1,63914309,63914068,63915436,63915142,2581,107,355
0,-0.092285,18,355.451660
1,63914100,63914291,63915213,63915350,2547,108,355
0,-0.073730,15,355.451660
1,63914091,63914298,63915206,63915359,2552,109,355
0,-0.096191,15,355.385742
1,63914107,63914283,63915221,63915342,2548,110,355
0,-0.047852,16,355.363770
1,63913873,63913995,63914997,63915065,2573,111,355
0,-0.042969,21,355.319824
1,63914255,63914129,63915375,63915203,2573,112,355
0,0.235840,18,355.341797
1,63914226,63914169,63915335,63915226,2540,113,355
0,0.027344,13,355.297852
1,63914041,63914347,63915157,63915405,2549,114,355
0,0.015625,10,355.473633
1,63914052,63914330,63915174,63915401,2572,115,355
0,-0.031250,20,355.407715
1,63913947,63913927,63915065,63914999,2568,116,355
0,0.011719,22,355.473633
1,63914290,63914100,63915404,63915163,2553,117,355
0,0.041992,16,355.473633
1,63914169,63914222,63915282,63915281,2547,118,355
0,-0.198730,36,355.341797
1,63914219,63914172,63915332,63915233,2549,119,355
0,-0.204590,13,355.407715
1,63913905,63913975,63915017,63915038,2551,120,355
0,-0.073730,19,355.407715
1,63914012,63914375,63915129,63915454,2575,121,355
0,-0.065918,25,355.407715
1,63914089,63914298,63915206,63915370,2567,122,355
0,-0.007812,21,355.407715
1,63913944,63913922,63915070,63914999,2583,123,355
0,0.124512,24,355.385742
1,63914288,63914100,63915404,63915168,2561,124,355
0,0.000000,19,355.429688
1,63914092,63914296,63915208,63915357,2553,125,355
0,0.011719,15,355.363770
1,63914080,63914301,63915203,63915373,2574,126,355
0,0.031250,16,355.385742
1,63913917,63913957,63915035,63915021,2559,127,355
0,-0.019531,11,355.363770
1,63913876,63913987,63915005,63915066,2589,128,355
0,-0.065918,24,355.363770
1,63914352,63914036,63915468,63915101,2558,129,355
0,0.042969,13,355.363770
1,63914127,63914251,63915253,63915321,2575,130,355
0,-0.105957,21,355.429688
1,63914186,63914204,63915300,63915268,2554,131,355
0,0.119629,18,355.319824
1,63914103,63914290,63915214,63915343,2538,132,355
0,0.073730,12,355.473633
1,63913915,63913969,63915023,63915019,2531,133,355
0,0.027344,9,355.363770
1,63913968,63913910,63915082,63914975,2555,134,355
0,0.070801,16,355.495605
1,63913919,63913960,63915032,63915014,2541,135,355
0,0.081543,13,355.429688
1,63913997,63914374,63915130,63915462,2605,136,355
0,-0.119629,18,355.407715
1,63914225,63914168,63915336,63915228,2546,137,355
0,-0.140137,14,355.429688
1,63913984,63913894,63915098,63914955,2551,138,355
0,-0.081543,10,355.407715
1,63914216,63914177,63915327,63915247,2558,139,355
0,-0.129395,27,355.429688
1,63914087,63914304,63915200,63915367,2552,140,355
0,-0.015625,17,355.407715
1,63913928,63913932,63915060,63915010,2592,141,355
0,-0.202637,24,355.341797
1,63914301,63914089,63915415,63915145,2545,142,355
0,0.111816,10,355.451660
1,63913905,63913975,63915017,63915031,2542,143,355
0,0.077637,11,355.407715
1,63913916,63913960,63915032,63915017,2548,144,355
0,0.104980,7,355.385742
1,63914180,63914204,63915300,63915273,2567,145,355
0,0.011719,16,355.385742
1,63913909,63913976,63915016,63915029,2533,146,355
0,-0.062012,12,355.385742
1,63914269,63914110,63915394,63915189,2585,147,355
0,-0.011719,25,355.429688
1,63914062,63914314,63915190,63915391,2586,148,355
0,-0.252441,24,355.341797
1,63914097,63914296,63915208,63915354,2544,149,355
0,-0.201660,15,355.429688
1,63914351,63914035,63915469,63915106,2567,150,355
0,-0.124512,17,355.429688
1,63914299,63914091,63915413,63915151,2549,151,355
0,-0.226074,13,355.407715
1,63914006,63914371,63915133,63915454,2592,152,355
0,-0.217285,28,355.297852
1,63914304,63914088,63915416,63915144,2542,153,355
0,0.116699,13,355.363770
1,63914114,63914266,63915238,63915336,2573,154,355
0,0.100098,18,355.385742
1,63914163,63914231,63915273,63915286,2539,155,355
0,-0.069824,12,355.407715
1,63914173,63914222,63915282,63915279,2540,156,355
0,-0.117676,18,355.363770
1,63913982,63913893,63915099,63914960,2561,157,355
0,-0.042969,11,355.429688
1,63914338,63914041,63915463,63915121,2586,158,355
0,-0.100098,26,355.473633
1,63914048,63914341,63915163,63915400,2549,159,355
0,0.077637,16,355.451660
1,63913970,63913914,63915078,63914969,2537,160,355
0,-0.139160,15,355.407715
1,63914008,63914375,63915129,63915453,2579,161,355
0,-0.197754,27,355.407715
1,63914045,63914331,63915173,63915405,2582,162,355
0,0.173340,12,355.429688
1,63914010,63914376,63915128,63915451,2572,163,355
0,-0.151855,26,355.407715
1,63914372,63914003,63915501,63915075,2581,164,355
0,-0.225098,25,355.429688
1,63914113,63914265,63915239,63915328,2567,165,355
0,0.194824,19,355.429688
1,63914171,63914214,63915290,63915274,2555,166,355
0,-0.041992,16,355.385742
1,63914359,63914032,63915472,63915088,2544,167,355
0,-0.200684,14,355.407715
1,63913903,63913975,63915017,63915034,2548,168,355
0,-0.386719,20,355.319824
1,63914100,63914293,63915211,63915345,2537,169,355
0,-0.011719,13,355.429688
1,63914159,63914229,63915275,63915287,2549,170,355
0,-0.069824,15,355.429688
1,63914236,63914155,63915349,63915209,2541,171,355
0,0.088379,13,355.363770
1,63913917,63913950,63915042,63915016,2569,172,355
0,0.062012,16,355.385742
1,63914003,63914371,63915133,63915449,2589,173,355
0,-0.225098,25,355.429688
1,63914221,63914163,63915341,63915231,2566,174,355
0,0.042969,18,355.407715
1,63914030,63914361,63915143,63915425,2553,175,355
0,-0.210449,18,355.473633
1,63914225,63914168,63915336,63915230,2548,176,355
0,-0.185059,19,355.385742
1,63914029,63914365,63915139,63915429,2549,177,355
0,0.135254,19,355.429688
1,63914090,63914300,63915204,63915355,2544,178,355
0,0.104980,10,355.363770
1,63914096,63914301,63915203,63915354,2533,179,355
0,0.104004,13,355.363770
1,63914110,63914264,63915240,63915336,2582,180,355
0,-0.129395,20,355.473633
1,63914359,63914031,63915473,63915093,2552,181,355
0,-0.027344,14,355.407715
1,63914096,63914289,63915215,63915349,2555,182,355
0,0.115723,14,355.407715
1,63914273,63914111,63915393,63915183,2571,183,355
0,-0.023438,24,355.451660
1,63914094,63914293,63915211,63915356,2556,184,355
0,-0.124512,20,355.451660
1,63914134,63914250,63915254,63915316,2564,185,355
0,-0.105957,25,355.407715
1,63914370,63914006,63915498,63915074,2575,186,355
0,-0.115723,25,355.363770
1,63914046,63914336,63915168,63915400,2564,187,355
0,-0.039062,17,355.451660
1,63914101,63914288,63915216,63915348,2551,188,355
0,0.027344,13,355.363770
1,63914152,63914239,63915265,63915303,2553,189,355
0,-0.255371,21,355.385742
1,63913923,63913949,63915043,63915011,2559,190,355
0,0.007812,17,355.451660
1,63914103,63914293,63915211,63915343,2531,191,355
0,-0.035156,10,355.385742
1,63914285,63914101,63915403,63915169,2564,192,355
0,-0.312012,21,355.407715
1,63913947,63913922,63915070,63914994,2574,193,355
0,-0.101074,17,355.473633
1,63914173,63914216,63915288,63915271,2545,194,355
0,0.169434,13,355.451660
1,63913872,63914003,63914989,63915068,2559,195,355
0,-0.027344,26,355.429688
1,63914021,63914365,63915139,63915438,2569,196,355
0,-0.062012,22,355.407715
1,63914209,63914179,63915325,63915243,2556,197,355
0,-0.007812,22,355.341797
1,63914344,63914042,63915462,63915115,2569,198,355
0,0.000000,23,355.407715
1,63914121,63914261,63915243,63915327,2566,199,355
0,0.201660,22,355.319824
1,63914096,63914294,63915210,63915352,2547,200,355
0,-0.104980,16,355.385742
1,63914168,63914229,63915275,63915282,2533,201,355
0,-0.039062,12,355.407715
1,63914229,63914165,63915339,63915220,2539,202,355
0,0.077637,10,355.341797
1,63914322,63914060,63915444,63915137,2579,203,355
0,0.107910,25,355.319824
1,63913976,63913906,63915086,63914964,2542,204,355
0,-0.213379,14,355.385742
1,63914027,63914363,63915141,63915432,2560,205,355
0,-0.069824,22,355.385742
1,63914040,63914353,63915151,63915409,2541,206,355
0,0.154785,13,355.429688
1,63914167,63914232,63915272,63915285,2531,207,355
0,-0.046875,12,355.341797
1,63914358,63914036,63915468,63915096,2545,208,355
0,-0.015625,14,355.385742
1,63914353,63914038,63915466,63915103,2554,209,355
0,-0.145020,21,355.363770
1,63913935,63913942,63915050,63915010,2560,210,355
0,0.112793,21,355.495605
1,63913970,63913909,63915083,63914971,2551,211,355
0,0.035156,15,355.429688
1,63914098,63914292,63915212,63915347,2544,212,355
0,0.007812,10,355.517578
1,63914366,63914016,63915488,63915080,2564,213,355
0,-0.229004,22,355.363770
1,63914036,63914354,63915150,63915415,2551,214,355
0,0.019531,10,355.429688
1,63914012,63914372,63915132,63915448,2575,215,355
0,-0.073730,26,355.385742
1,63914130,63914253,63915251,63915322,2568,216,355
0,0.092285,24,355.407715
1,63914160,63914232,63915272,63915289,2544,217,355
0,-0.169434,17,355.385742
1,63914327,63914050,63915454,63915127,2585,218,355
0,0.072754,28,355.341797
1,63914067,63914321,63915183,63915391,2564,219,355
0,0.019531,24,355.429688
1,63914159,63914238,63915266,63915289,2531,220,355
0,0.061035,11,355.407715
1,63914233,63914155,63915349,63915215,2552,221,355
0,-0.111816,12,355.407715
1,63914267,63914114,63915390,63915190,2579,222,355
0,-0.124512,23,355.473633
1,63913918,63913965,63915027,63915015,2532,223,355
0,0.144043,15,355.363770
1,63913979,63913887,63915105,63914958,2576,224,355
0,-0.007812,15,355.341797
1,63914076,63914309,63915195,63915376,2564,225,355
0,0.097168,23,355.363770
1,63914247,63914126,63915378,63915203,2589,226,355
0,-0.259277,25,355.451660
1,63914160,63914234,63915270,63915284,2533,227,355
0,-0.069824,15,355.407715
1,63913891,63913979,63915013,63915048,2569,228,355
0,0.085449,22,355.341797
1,63914062,63914314,63915190,63915395,2591,229,355
0,-0.177246,24,355.451660
1,63914349,63914037,63915467,63915096,2553,230,355
0,0.027344,14,355.385742
1,63914096,63914296,63915208,63915351,2541,231,355
0,0.127441,12,355.451660
1,63914241,63914143,63915361,63915207,2561,232,355
0,-0.101074,21,355.451660
1,63913912,63913972,63915020,63915024,2533,233,355
0,0.062012,15,355.473633
1,63914300,63914079,63915425,63915144,2568,234,355
0,0.101074,15,355.407715
1,63913978,63913905,63915087,63914962,2540,235,355
0,-0.255371,19,355.407715
1,63914158,63914234,63915270,63915300,2554,236,355
0,-0.193848,25,355.385742
1,63913982,63913890,63915102,63914953,2560,237,355
0,-0.222168,15,355.451660
1,63914297,63914087,63915417,63915150,2560,238,355
0,-0.089355,18,355.385742
1,63914365,63914022,63915482,63915076,2546,239,355
0,-0.073730,22,355.429688
1,63913939,63913927,63915065,63914997,2575,240,355
0,-0.139160,21,355.363770
1,63914102,63914281,63915223,63915343,2560,241,355
0,0.115723,13,355.363770
1,63914232,63914142,63915362,63915216,2585,242,355
0,-0.312012,13,355.341797
1,63913976,63913907,63915085,63914965,2541,243,355
0,-0.169434,17,355.341797
1,63914245,63914142,63915362,63915205,2556,244,355
0,-0.297363,19,355.429688
1,63913899,63913978,63915014,63915038,2551,245,355
0,-0.077637,18,355.473633
1,63914004,63914376,63915128,63915451,2579,246,355
0,0.096191,23,355.451660
1,63914133,63914251,63915253,63915317,2564,247,355
0,-0.281738,28,355.407715
1,63914315,63914063,63915441,63915136,2579,248,355
0,0.031250,28,355.341797
1,63913934,63913940,63915052,63915004,2559,249,355
0,-0.108887,23,355.319824
1,63914071,63914303,63915201,63915383,2592,250,355
0,-0.062012,25,355.451660
1,63914103,63914278,63915226,63915345,2568,251,355
0,-0.135254,15,355.341797
1,63914103,63914286,63915218,63915346,2551,252,355
0,-0.102051,16,355.407715
1,63914236,63914140,63915364,63915208,2575,253,355
0,-0.196777,16,355.429688
1,63914314,63914061,63915443,63915139,2588,254,355
0,-0.007812,23,355.363770
1,63913939,63913927,63915065,63914997,2575,255,355
0,0.015625,22,355.429688
1,63914181,63914195,63915309,63915267,2580,256,355
0,-0.015625,16,355.407715
1,63913905,63913979,63915013,63915025,2526,257,355
0,-0.046875,8,355.341797
1,63914033,63914361,63915143,63915418,2541,258,355
0,0.131348,14,355.385742
1,63914024,63914360,63915144,63915427,2565,259,355
0,-0.003906,20,355.407715
1,63914260,63914122,63915382,63915193,2572,260,355
0,-0.007812,23,355.385742
1,63914330,63914050,63915454,63915121,2574,261,355
0,0.015625,24,355.385742
1,63914319,63914057,63915447,63915132,2583,262,355
0,0.097168,22,355.385742
1,63913972,63913910,63915082,63914968,2542,263,355
0,-0.345215,15,355.341797
1,63914106,63914277,63915227,63915341,2562,264,355
0,-0.255371,19,355.407715
1,63914241,63914126,63915378,63915205,2599,265,355
0,-0.224121,20,355.385742
1,63913934,63913935,63915057,63915006,2573,266,355
0,0.003906,25,355.495605
1,63914144,63914237,63915267,63915309,2574,267,355
0,0.068848,23,355.473633
1,63914345,63914041,63915463,63915113,2568,268,355
0,-0.220215,24,355.385742
1,63914078,63914311,63915193,63915385,2567,269,355
0,-0.117676,29,355.429688
1,63914102,63914286,63915218,63915348,2554,270,355
0,0.019531,15,355.385742
1,63914349,63914042,63915462,63915101,2547,271,355
0,-0.015625,15,355.451660
1,63914373,63914027,63915477,63915077,2526,272,355
0,-0.177246,24,355.407715
1,63914330,63914055,63915449,63915124,2566,273,355
0,-0.208496,24,355.473633
1,63914357,63914025,63915479,63915092,2567,274,355
0,-0.235840,14,355.407715
1,63913872,63913998,63914994,63915063,2565,275,355
0,-0.356934,27,355.385742
1,63914047,63914326,63915178,63915398,2583,276,355
0,-0.216309,23,355.429688
1,63914116,63914258,63915246,63915331,2583,277,355
0,-0.251465,27,355.451660
1,63914167,63914225,63915279,63915281,2542,278,355
0,-0.143066,16,355.429688
1,63914302,63914088,63915416,63915146,2547,279,355
0,-0.123535,15,355.385742
1,63914040,63914355,63915149,63915406,2533,280,355
0,-0.069824,10,355.407715
1,63914306,63914079,63915425,63915141,2558,281,355
0,-0.321777,22,355.363770
1,63913974,63913901,63915091,63914960,2552,282,355
0,-0.035156,13,355.341797
1,63913899,63913978,63915014,63915041,2554,283,355
0,0.064941,20,355.495605
1,63914156,63914233,63915271,63915293,2551,284,355
0,-0.259277,16,355.319824
1,63913989,63913877,63915115,63914952,2581,285,355
0,-0.146973,19,355.429688
1,63914136,63914243,63915261,63915310,2571,286,355
0,-0.143066,24,355.363770
1,63913979,63913906,63915086,63914953,2526,287,355
0,0.073730,15,355.407715
1,63914285,63914102,63915402,63915171,2564,288,355
0,-0.104980,22,355.429688
1,63914102,63914292,63915212,63915346,2538,289,355
0,-0.007812,15,355.429688
1,63914209,63914173,63915331,63915241,2568,290,355
0,-0.085449,22,355.451660
1,63914032,63914355,63915149,63915421,2560,291,355
0,-0.174316,17,355.363770
1,63914313,63914075,63915429,63915136,2553,292,355
0,-0.023438,21,355.429688
1,63914166,63914231,63915273,63915284,2533,293,355
0,-0.224121,16,355.341797
1,63913921,63913951,63915041,63915014,2560,294,355
0,-0.116699,22,355.429688
1,63914109,63914271,63915233,63915339,2571,295,355
0,-0.313965,21,355.385742
1,63914237,63914146,63915358,63915208,2560,296,355
0,-0.251465,12,355.451660
1,63913905,63913972,63915020,63915027,2545,297,355
0,0.100098,9,355.385742
1,63914099,63914293,63915211,63915340,2532,298,355
0,-0.007812,30,355.429688
1,63914298,63914088,63915416,63915150,2556,299,355
0,0.181152,13,355.451660
1,63913945,63913929,63915063,63914999,2566,300,355
0,-0.233887,25,355.451660
1,63914319,63914051,63915453,63915130,2595,301,355
0,-0.031250,22,355.429688
1,63914013,63914366,63915138,63915440,2579,302,355
0,0.046875,24,355.319824
1,63913916,63913968,63915024,63915019,2532,303,355
0,-0.216309,18,355.363770
1,63914015,63914365,63915139,63915443,2582,304,355
0,-0.187012,26,355.341797
1,63914136,63914250,63915254,63915314,2559,305,355
0,0.104980,25,355.429688
1,63913955,63913924,63915068,63914989,2554,306,355
0,-0.132324,28,355.407715
1,63914074,63914303,63915201,63915385,2591,307,355
0,-0.141113,29,355.407715
1,63914353,63914031,63915473,63915093,2559,308,355
0,0.124512,14,355.407715
1,63914209,63914173,63915331,63915239,2566,309,355
0,-0.305176,15,355.407715
1,63914003,63914375,63915129,63915448,2579,310,355
0,0.107910,24,355.363770
1,63914215,63914172,63915332,63915240,2562,311,355
0,-0.363770,24,355.429688
1,63913926,63913935,63915057,63915009,2586,312,355
0,0.197754,19,355.451660
1,63913990,63913873,63915119,63914949,2586,313,355
0,-0.078613,25,355.473633
1,63914076,63914313,63915191,63915375,2553,314,355
0,0.169434,26,355.473633
1,63914103,63914282,63915222,63915340,2553,315,355
0,-0.181152,12,355.341797
1,63913920,63913956,63915036,63915012,2547,316,355
0,0.041992,18,355.407715
1,63914056,63914340,63915164,63915398,2540,317,355
0,0.088379,16,355.385742
1,63914337,63914045,63915459,63915118,2574,318,355
0,-0.136230,29,355.363770
1,63913955,63913923,63915069,63914989,2556,319,355
0,-0.042969,26,355.451660
1,63914172,63914215,63915289,63915271,2548,320,355
0,-0.174316,11,355.429688
1,63913885,63913979,63915013,63915049,2578,321,355
0,0.135254,20,355.385742
1,63913948,63913930,63915062,63914989,2548,322,355
0,0.298340,21,355.407715
1,63914043,63914347,63915157,63915400,2541,323,355
0,-0.131348,7,355.341797
1,63914257,63914126,63915378,63915201,2575,324,355
0,-0.117676,29,355.319824
1,63913996,63913873,63915119,63914944,2573,325,355
0,0.123535,23,355.473633
1,63914093,63914296,63915208,63915357,2552,326,355
0,-0.169434,20,355.385742
1,63914242,63914136,63915368,63915210,2580,327,355
0,-0.100098,18,355.363770
1,63914102,63914289,63915215,63915346,2545,328,355
0,-0.139160,16,355.385742
1,63913965,63913917,63915075,63914976,2544,329,355
0,0.028320,16,355.429688
1,63914313,63914065,63915439,63915135,2575,330,355
0,-0.155762,25,355.429688
1,63914107,63914286,63915218,63915338,2537,331,355
0,0.064941,19,355.561523
1,63913902,63913976,63915016,63915032,2545,332,355
0,0.121582,16,355.473633
1,63914135,63914248,63915256,63915312,2562,333,355
0,-0.337402,28,355.517578
1,63913971,63913908,63915084,63914964,2544,334,355
0,-0.042969,12,355.407715
1,63914220,63914169,63915335,63915230,2552,335,355
0,-0.174316,14,355.451660
1,63914044,63914340,63915164,63915401,2558,336,355
0,-0.212402,16,355.407715
1,63914363,63914025,63915479,63915079,2545,337,355
0,0.239746,21,355.385742
1,63914022,63914361,63915143,63915430,2568,338,355
0,-0.188965,19,355.363770
1,63914249,63914134,63915370,63915203,2568,339,355
0,-0.046875,19,355.451660
1,63913934,63913930,63915062,63915007,2586,340,355
0,0.000000,21,355.407715
1,63914354,63914037,63915467,63915094,2545,341,355
0,-0.089355,16,355.363770
1,63913962,63913915,63915077,63914974,2549,342,355
0,-0.027344,16,355.341797
1,63914255,63914121,63915383,63915198,2586,343,355
0,0.018555,26,355.385742
1,63914148,63914234,63915270,63915302,2568,344,355
0,0.064941,21,355.319824
1,63914344,63914040,63915464,63915106,2564,345,355
0,-0.147949,19,355.407715
1,63914365,63914027,63915477,63915080,2539,346,355
0,0.008789,14,355.407715
1,63914177,63914211,63915293,63915273,2554,347,355
0,-0.066895,17,355.341797
1,63913893,63913981,63915011,63915037,2549,348,355
0,0.077637,18,355.407715
1,63914059,63914319,63915185,63915393,2580,349,355
0,-0.295410,27,355.363770
1,63913891,63913982,63915010,63915050,2565,350,355
0,0.177246,22,355.363770
1,63914154,63914235,63915269,63915294,2549,351,355
0,-0.046875,17,355.407715
1,63914074,63914306,63915198,63915371,2567,352,355
0,-0.124512,27,355.407715
1,63913963,63913915,63915077,63914973,2547,353,355
0,0.039062,16,355.363770
1,63914283,63914102,63915402,63915167,2561,354,355
0,-0.283691,17,355.363770
1,63914356,63914035,63915469,63915091,2544,355,355
0,-0.196777,17,355.407715
1,63914240,63914150,63915354,63915206,2545,356,355
0,-0.081543,20,355.451660
1,63914121,63914259,63915245,63915323,2566,357,355
0,-0.174316,30,355.473633
1,63913984,63913887,63915105,63914949,2560,358,355
0,-0.046875,19,355.451660
1,63914362,63914024,63915480,63915082,2552,359,355
0,-0.042969,16,355.363770
1,63914107,63914280,63915224,63915338,2551,360,355
0,-0.249512,22,355.341797
1,63914339,63914043,63915461,63915112,2569,361,355
0,0.104980,21,355.407715
1,63914323,63914053,63915451,63915125,2580,362,355
0,0.023438,26,355.363770
1,63914224,63914164,63915340,63915221,2548,363,355
0,-0.214355,14,355.429688
1,63914184,63914192,63915312,63915260,2575,364,355
0,-0.093262,23,355.407715
1,63914107,63914282,63915222,63915336,2544,365,355
0,0.046875,23,355.407715
1,63914248,63914128,63915376,63915202,2582,366,355
0,-0.155762,23,355.363770
1,63913984,63913890,63915102,63914951,2555,367,355
0,-0.140137,19,355.407715
1,63913991,63913878,63915114,63914945,2568,368,355
0,-0.089355,22,355.473633
1,63914364,63914021,63915483,63915082,2556,369,355
0,-0.375488,21,355.517578
1,63914254,63914123,63915381,63915193,2576,370,355
0,0.046875,24,355.429688
1,63914119,63914257,63915247,63915325,2575,371,355
0,-0.136230,25,355.495605
1,63914113,63914255,63915249,63915331,2594,372,355
0,-0.065918,23,355.319824
1,63913915,63913966,63915026,63915018,2537,373,355
0,-0.196777,17,355.407715
1,63914171,63914222,63915282,63915274,2537,374,355
0,0.200684,15,355.495605
1,63914043,63914344,63915160,63915406,2555,375,355
0,0.082520,13,355.385742
1,63914134,63914249,63915255,63915316,2566,376,355
0,-0.065918,27,355.385742
1,63914287,63914100,63915404,63915164,2558,377,355
0,-0.319824,19,355.385742
1,63914169,63914218,63915286,63915272,2546,378,355
0,0.175293,16,355.429688
1,63913982,63913889,63915103,63914954,2564,379,355
0,-0.120605,23,355.363770
1,63914233,63914157,63915347,63915216,2548,380,355
0,-0.015625,14,355.407715
1,63913939,63913926,63915066,63914997,2578,381,355
0,-0.188965,27,355.429688
1,63914359,63914032,63915472,63915090,2546,382,355
0,-0.352051,18,355.319824
1,63914046,63914340,63915164,63915401,2555,383,355
0,-0.035156,13,355.429688
1,63913936,63913940,63915052,63915001,2553,384,355
0,-0.035156,25,355.429688
1,63914339,63914041,63915463,63915114,2576,385,355
0,-0.222168,23,355.429688
1,63914244,63914138,63915366,63915205,2567,386,355
0,-0.027344,18,355.429688
1,63913979,63913893,63915099,63914953,2556,387,355
0,-0.085449,12,355.341797
1,63914007,63914373,63915131,63915444,2574,388,355
0,-0.309082,25,355.407715
1,63914173,63914221,63915283,63915272,2534,389,355
0,-0.137207,17,355.341797
1,63914307,63914072,63915432,63915140,2572,390,355
0,-0.143066,22,355.385742
1,63913985,63913885,63915107,63914947,2561,391,355
0,0.031250,18,355.407715
1,63914046,63914316,63915188,63915399,2609,392,355
0,-0.007812,18,355.319824
1,63914245,63914127,63915377,63915203,2589,393,355
0,-0.147949,20,355.407715
1,63913905,63913971,63915021,63915033,2554,394,355
0,-0.174316,16,355.363770
