1,63914107,63914211,63916317,63916225,4954,0,358
0,0.019531,18,358.439941
1,63914267,63914039,63916489,63916066,4983,1,358
0,0.046875,16,358.330078
1,63914317,63913976,63916552,63916014,5011,2,358
0,0.231934,16,358.330078
1,63914151,63914150,63916378,63916182,4995,3,358
0,0.301270,27,358.439941
1,63914177,63914130,63916398,63916156,4981,4,358
0,-0.003906,17,358.417969
1,63914067,63914234,63916294,63916252,4979,5,358
0,0.251465,15,358.461914
1,63914055,63914238,63916290,63916273,5008,6,358
0,0.331543,11,358.352051
1,63914312,63913995,63916533,63916015,4974,7,358
0,0.259277,18,358.395996
1,63914356,63913967,63916561,63915975,4941,8,358
0,0.127441,11,358.417969
1,63914130,63914168,63916360,63916199,4997,9,358
0,0.169434,28,358.439941
1,63913985,63914317,63916211,63916342,4986,10,358
0,0.289551,16,358.330078
1,63914115,63914204,63916324,63916220,4955,11,358
0,0.065918,7,358.461914
1,63914305,63914002,63916526,63916024,4976,12,358
0,0.136230,14,358.439941
1,63914331,63913971,63916557,63916002,4993,13,358
0,0.228027,28,358.417969
1,63914049,63914260,63916268,63916280,4972,14,358
0,0.132324,20,358.374023
1,63913949,63914351,63916177,63916374,4986,15,358
0,0.347168,19,358.352051
1,63913905,63913898,63916118,63915917,4963,16,358
0,-0.031250,17,358.330078
1,63913910,63913890,63916126,63915911,4969,17,358
0,0.196777,8,358.417969
1,63914293,63914025,63916503,63916037,4952,18,358
0,0.015625,15,358.395996
1,63914014,63914297,63916231,63916337,4993,19,358
0,0.123535,23,358.395996
1,63914320,63913984,63916544,63916013,4988,20,358
0,0.089355,11,358.374023
1,63913899,63913903,63916113,63915920,4962,21,358
0,0.116699,17,358.439941
1,63914011,63914298,63916230,63916330,4986,22,358
0,0.144043,15,358.395996
1,63914244,63914069,63916459,63916090,4968,23,358
0,0.202637,10,358.374023
1,63914240,63914056,63916472,63916093,5007,24,358
0,0.081543,22,358.395996
1,63914094,63914216,63916312,63916234,4968,25,358
0,0.202637,9,358.374023
1,63913905,63913899,63916117,63915921,4966,26,358
0,-0.003906,17,358.374023
1,63914326,63913987,63916541,63916015,4976,27,358
0,0.224121,28,358.395996
1,63914182,63914109,63916419,63916152,5020,28,358
0,0.011719,18,358.417969
1,63914092,63914220,63916308,63916246,4975,29,358
0,0.065918,24,358.374023
1,63914067,63914232,63916296,63916267,5001,30,358
0,0.042969,13,358.439941
1,63914021,63914287,63916241,63916315,4982,31,358
0,0.292480,17,358.417969
1,63914122,63914176,63916352,63916214,5006,32,358
0,-0.080566,16,358.439941
1,63913999,63914295,63916233,63916327,5003,33,358
0,-0.030273,9,358.439941
1,63914236,63914086,63916442,63916116,4968,34,358
0,-0.117676,26,358.439941
1,63913952,63914363,63916165,63916389,4972,35,358
0,0.267090,20,358.352051
1,63913935,63914360,63916168,63916407,5020,36,358
0,-0.123535,19,358.352051
1,63913988,63914323,63916205,63916357,4986,37,358
0,0.097168,15,358.483887
1,63913970,63914346,63916182,63916378,4977,38,358
0,0.076660,21,358.417969
1,63914296,63914023,63916505,63916051,4969,39,358
0,0.336426,22,358.395996
1,63913991,63914317,63916211,63916352,4990,40,358
0,-0.035156,8,358.330078
1,63914226,63914097,63916431,63916125,4965,41,358
0,-0.015625,22,358.395996
1,63914226,63914091,63916437,63916127,4981,42,358
0,-0.065918,14,358.374023
1,63914333,63913973,63916555,63916014,5000,43,358
0,0.363770,18,358.374023
1,63914050,63914256,63916272,63916287,4988,44,358
0,-0.104980,14,358.395996
1,63914219,63914101,63916427,63916132,4972,45,358
0,-0.035156,21,358.417969
1,63914015,63914291,63916237,63916333,5001,46,358
0,-0.073730,18,358.395996
1,63914097,63914221,63916307,63916253,4975,47,358
0,0.170410,18,358.417969
1,63914232,63914085,63916443,63916113,4972,48,358
0,0.177246,14,358.439941
1,63914371,63913942,63916586,63915972,4979,49,358
0,0.062012,19,358.417969
1,63914307,63914009,63916519,63916044,4981,50,358
0,-0.141113,17,358.439941
1,63914278,63914035,63916493,63916072,4987,51,358
0,0.392578,17,358.417969
1,63914078,63914229,63916299,63916276,5006,52,358
0,0.131348,24,358.417969
1,63914318,63913987,63916541,63916026,4999,53,358
0,-0.003906,20,358.374023
1,63914250,63914056,63916472,63916096,4999,54,358
0,-0.023438,16,358.439941
1,63913931,63913881,63916135,63915903,4956,55,358
0,-0.039062,16,358.439941
1,63914341,63913967,63916561,63916007,4996,56,358
0,0.104980,13,358.330078
1,63914232,63914099,63916429,63916135,4965,57,358
0,0.125488,19,358.439941
1,63914167,63914157,63916371,63916194,4974,58,358
0,0.062012,22,358.374023
1,63913916,63913902,63916114,63915935,4962,59,358
0,0.116699,15,358.439941
1,63914023,63914296,63916232,63916338,4986,60,358
0,-0.015625,23,358.439941
1,63913961,63914357,63916171,63916398,4986,61,358
0,0.146973,24,358.417969
1,63913923,63913892,63916124,63915926,4967,62,358
0,0.239746,23,358.461914
1,63914166,63914153,63916375,63916188,4977,63,358
0,0.072754,17,358.308105
1,63914083,63914223,63916305,63916269,5006,64,358
0,0.128418,10,358.505859
1,63913889,63913906,63916110,63915948,5000,65,358
0,0.298340,13,358.374023
1,63914114,63914207,63916321,63916238,4970,66,358
0,0.116699,20,358.374023
1,63914217,63914099,63916429,63916135,4982,67,358
0,-0.011719,14,358.461914
1,63913947,63914365,63916163,63916407,4994,68,358
0,-0.011719,19,358.395996
1,63913927,63913876,63916140,63915908,4979,69,358
0,0.107910,17,358.352051
1,63913984,63914349,63916179,63916386,4963,70,358
0,0.133301,29,358.374023
1,63914167,63914156,63916372,63916178,4957,71,358
0,0.019531,17,358.417969
1,63914349,63913972,63916556,63916009,4977,72,358
0,0.169434,10,358.417969
1,63914070,63914240,63916288,63916281,4995,73,358
0,0.108887,17,358.395996
1,63913970,63914351,63916177,63916395,4986,74,358
0,0.229004,15,358.505859
1,63913912,63913890,63916126,63915927,4986,75,358
0,-0.027344,12,358.417969
1,63914377,63913962,63916566,63915974,4927,76,358
0,0.030273,14,358.330078
1,63914219,63914106,63916422,63916140,4969,77,358
0,0.046875,20,358.374023
1,63913974,63914345,63916183,63916391,4990,78,358
0,0.113770,9,358.439941
1,63914378,63913928,63916600,63915978,5010,79,358
0,0.243652,23,358.439941
1,63914343,63913969,63916559,63916000,4981,80,358
0,0.342285,4,358.417969
1,63914300,63914027,63916501,63916048,4952,81,358
0,0.306152,11,358.417969
1,63914149,63914170,63916358,63916215,4989,82,358
0,0.019531,12,358.417969
1,63914232,63914094,63916434,63916137,4979,83,358
0,0.169434,18,358.417969
1,63914117,63914200,63916328,63916242,4988,84,358
0,0.031250,23,358.352051
1,63914149,63914169,63916359,63916209,4984,85,358
0,-0.107910,7,358.395996
1,63913922,63914384,63916144,63916441,5018,86,358
0,0.133301,24,358.439941
1,63913925,63913880,63916136,63915921,4987,87,358
0,0.039062,16,358.374023
1,63914252,63914069,63916459,63916106,4977,88,358
0,0.217285,19,358.417969
1,63914230,63914088,63916440,63916143,5002,89,358
0,0.301270,20,358.461914
1,63914025,63914291,63916237,63916331,4987,90,358
0,0.231934,15,358.527832
1,63914121,63914210,63916318,63916239,4956,91,358
0,0.011719,22,358.417969
1,63914146,63914164,63916364,63916214,5006,92,358
0,0.081543,19,358.395996
1,63913947,63914369,63916159,63916412,4990,93,358
0,-0.092285,21,358.374023
1,63914268,63914042,63916486,63916093,5007,94,358
0,0.069824,24,358.417969
1,63913906,63913900,63916116,63915949,4995,95,358
0,-0.235840,21,358.352051
1,63914381,63913946,63916582,63915973,4959,96,358
0,-0.015625,22,358.395996
1,63914339,63913992,63916536,63916029,4966,97,358
0,0.069824,16,358.395996
1,63914196,63914107,63916421,63916164,5022,98,358
0,0.120605,17,358.417969
1,63914385,63913934,63916594,63915969,4977,99,358
0,-0.027344,14,358.352051
1,63914004,63914315,63916213,63916354,4982,100,358
0,0.062012,20,358.352051
1,63913931,63914376,63916152,63916423,5006,101,358
0,-0.073730,18,358.330078
1,63913907,63913909,63916107,63915951,4975,102,358
0,0.031250,19,358.395996
1,63914171,63914153,63916375,63916193,4977,103,358
0,0.228027,20,358.439941
1,63914128,63914183,63916345,63916226,4996,104,358
0,0.015625,15,358.505859
1,63914296,63914029,63916499,63916071,4979,105,358
0,0.069824,12,358.395996
1,63913881,63913908,63916108,63915964,5023,106,358
0,0.111816,19,358.395996
1,63914366,63913963,63916565,63916001,4969,107,358
0,-0.035156,24,358.439941
1,63914077,63914239,63916289,63916284,4993,108,358
0,-0.236816,23,358.417969
1,63914303,63914033,63916495,63916062,4950,109,358
0,0.023438,21,358.395996
1,63914380,63913934,63916594,63915974,4989,110,358
0,-0.011719,22,358.395996
1,63914267,63914048,63916480,63916096,4997,111,358
0,-0.178223,21,358.374023
1,63914005,63914308,63916220,63916358,5002,112,358
0,0.198730,13,358.439941
1,63914003,63914323,63916205,63916356,4967,113,358
0,-0.035156,15,358.330078
1,63914380,63913934,63916594,63915982,4999,114,358
0,0.081543,20,358.395996
1,63913951,63914366,63916162,63916419,5001,115,358
0,0.340332,25,358.374023
1,63914071,63914241,63916287,63916288,5000,116,358
0,0.189941,15,358.395996
1,63914055,63914279,63916249,63916302,4946,117,358
0,0.101074,19,358.505859
1,63913983,63914341,63916187,63916390,4988,118,358
0,0.251465,22,358.395996
1,63913980,63914344,63916184,63916389,4983,119,358
0,0.039062,13,358.417969
1,63914092,63914229,63916299,63916275,4988,120,358
0,0.007812,25,358.439941
1,63913927,63913894,63916122,63915924,4955,121,358
0,0.208496,23,358.461914
1,63914142,63914166,63916362,63916216,5008,122,358
0,0.178223,25,358.461914
1,63913992,63914340,63916188,63916372,4959,123,358
0,0.080566,17,358.352051
1,63913927,63913895,63916121,63915921,4949,124,358
0,0.173340,18,358.330078
1,63914096,63914226,63916302,63916266,4980,125,358
0,0.081543,24,358.374023
1,63914022,63914293,63916235,63916339,4995,126,358
0,0.045898,18,358.374023
1,63914035,63914293,63916235,63916331,4970,127,358
0,0.283691,9,358.374023
1,63913935,63914376,63916152,63916421,4999,128,358
0,0.031250,15,358.330078
1,63914177,63914147,63916381,63916186,4976,129,358
0,0.041992,11,358.395996
1,63914287,63914038,63916490,63916080,4979,130,358
0,0.127441,15,358.352051
1,63914248,63914079,63916449,63916114,4968,131,358
0,0.419922,13,358.417969
1,63914117,63914215,63916313,63916254,4967,132,358
0,0.097168,24,358.352051
1,63914349,63913976,63916552,63916013,4973,133,358
0,0.181152,10,358.417969
1,63914256,63914070,63916458,63916113,4979,134,358
0,0.281738,24,358.417969
1,63913989,63914340,63916188,63916381,4973,135,358
0,0.170410,27,358.439941
1,63914184,63914133,63916395,63916174,4987,136,358
0,0.177246,14,358.461914
1,63914134,63914167,63916361,63916226,5027,137,358
0,0.228027,22,358.483887
1,63914105,63914223,63916305,63916257,4966,138,358
0,0.104980,22,358.395996
1,63913986,63914347,63916181,63916376,4954,139,358
0,0.231934,16,358.395996
1,63914284,63914038,63916490,63916079,4981,140,358
0,0.131348,19,358.395996
1,63913975,63914353,63916175,63916398,4979,141,358
0,-0.031250,20,358.417969
1,63914360,63913972,63916556,63916008,4963,142,358
0,0.131348,12,358.439941
1,63913927,63913892,63916124,63915927,4963,143,358
0,-0.100098,21,358.374023
1,63914043,63914285,63916243,63916335,4984,144,358
0,-0.093262,28,358.439941
1,63914169,63914151,63916377,63916193,4984,145,358
0,-0.019531,19,358.330078
1,63914300,63914024,63916504,63916071,4986,146,358
0,0.177246,19,358.461914
1,63914305,63914006,63916522,63916048,4995,147,358
0,0.188965,12,358.439941
1,63913899,63913908,63916108,63915957,4994,148,358
0,-0.007812,20,358.352051
1,63914108,63914221,63916307,63916262,4973,149,358
0,0.281738,17,358.395996
1,63913927,63913891,63916125,63915922,4960,150,358
0,-0.039062,15,358.417969
1,63914363,63913966,63916562,63916007,4973,151,358
0,0.267090,11,358.417969
1,63914092,63914233,63916295,63916281,4986,152,358
0,0.041992,23,358.461914
1,63914240,63914087,63916441,63916136,4984,153,358
0,0.154785,19,358.417969
1,63914029,63914289,63916239,63916348,5007,154,358
0,0.042969,22,358.417969
1,63913947,63914364,63916164,63916414,5004,155,358
0,0.235840,16,358.417969
1,63914307,63914016,63916512,63916058,4981,156,358
0,0.174316,19,358.395996
1,63913956,63914359,63916169,63916413,5004,157,358
0,0.069824,16,358.461914
1,63913913,63913906,63916110,63915955,4980,158,358
0,0.305176,14,358.461914
1,63914362,63913967,63916561,63916014,4980,159,358
0,0.155762,27,358.461914
1,63913984,63914347,63916181,63916382,4963,160,358
0,-0.031250,21,358.439941
1,63914296,63914036,63916492,63916087,4981,161,358
0,0.096191,25,358.352051
1,63914069,63914250,63916278,63916300,4995,162,358
0,0.255371,25,358.417969
1,63914217,63914105,63916423,63916155,4992,163,358
0,0.226074,20,358.439941
1,63914128,63914200,63916328,63916234,4966,164,358
0,0.148926,11,358.417969
1,63914272,63914055,63916473,63916099,4979,165,358
0,0.212402,22,358.461914
1,63913980,63914345,63916183,63916393,4986,166,358
0,0.220215,22,358.374023
1,63914346,63913979,63916549,63916028,4987,167,358
0,0.200684,26,358.461914
1,63913989,63914340,63916188,63916395,4989,168,358
0,0.019531,27,358.461914
1,63914310,63914023,63916505,63916071,4976,169,358
0,0.003906,26,358.286133
1,63914160,63914170,63916358,63916220,4982,170,358
0,-0.038086,22,358.439941
1,63914332,63913994,63916534,63916033,4974,171,358
0,0.027344,15,358.439941
1,63914127,63914181,63916347,63916232,5009,172,358
0,0.282715,19,358.352051
1,63914157,63914169,63916359,63916218,4986,173,358
0,0.294434,13,358.395996
1,63913986,63914341,63916187,63916398,4994,174,358
0,0.200684,28,358.330078
1,63914233,63914092,63916436,63916138,4983,175,358
0,0.039062,26,358.374023
1,63914302,63914026,63916502,63916066,4973,176,358
0,0.189941,17,358.505859
1,63914348,63913975,63916553,63916029,4995,177,358
0,0.093262,24,358.461914
1,63914336,63913977,63916551,63916022,4996,178,358
0,0.189941,0,358.330078
1,63914364,63913969,63916559,63916015,4974,179,358
0,0.324707,22,358.395996
1,63914216,63914109,63916419,63916156,4984,180,358
0,-0.065918,16,358.417969
1,63914306,63914029,63916499,63916076,4973,181,358
0,0.239746,32,358.395996
1,63914236,63914099,63916429,63916148,4975,182,358
0,0.287598,12,358.439941
1,63914144,63914171,63916357,63916222,5001,183,358
0,0.105957,13,358.352051
1,63914154,63914163,63916365,63916215,5000,184,358
0,-0.027344,19,358.395996
1,63913926,63913877,63916139,63915931,5004,185,358
0,-0.015625,25,358.352051
1,63913930,63913887,63916129,63915936,4982,186,358
0,0.076660,26,358.439941
1,63914317,63914011,63916517,63916043,4963,187,358
0,0.173340,8,358.330078
1,63914256,63914071,63916457,63916114,4977,188,358
0,0.281738,14,358.374023
1,63913900,63913906,63916110,63915956,4996,189,358
0,0.386719,19,358.374023
1,63914086,63914229,63916299,63916284,5006,190,358
0,0.129395,10,358.374023
1,63913981,63914345,63916183,63916393,4984,191,358
0,0.338379,28,358.439941
1,63913877,63913930,63916086,63915976,4990,192,358
0,0.404297,19,358.461914
1,63914149,63914171,63916357,63916219,4992,193,358
0,0.261230,2,358.483887
1,63914122,63914200,63916328,63916253,4995,194,358
0,0.124512,26,358.374023
1,63913975,63914358,63916170,63916408,4979,195,358
0,-0.027344,17,358.483887
1,63914177,63914144,63916384,63916188,4986,196,358
0,0.228027,18,358.439941
1,63914045,63914285,63916243,63916327,4973,197,358
0,0.255371,23,358.439941
1,63913902,63913909,63916107,63915961,4993,198,358
0,0.208496,22,358.439941
1,63914231,63914099,63916429,63916150,4983,199,358
0,0.062012,11,358.374023
1,63914066,63914246,63916282,63916291,4997,200,358
0,0.361816,14,358.395996
1,63914239,63914093,63916435,63916134,4969,201,358
0,0.206543,10,358.439941
1,63914222,63914100,63916428,63916155,4997,202,358
0,0.189941,22,358.395996
1,63913978,63914355,63916173,63916407,4981,203,358
0,0.169434,14,358.461914
1,63914244,63914083,63916445,63916129,4981,204,358
0,0.150879,27,358.330078
1,63914163,63914163,63916365,63916209,4982,205,358
0,0.045898,17,358.395996
1,63913916,63913898,63916118,63915945,4983,206,358
0,0.112793,15,358.417969
1,63914143,63914173,63916355,63916226,5002,207,358
0,0.096191,22,358.461914
1,63914002,63914317,63916211,63916362,4989,208,358
0,0.496094,22,358.439941
1,63914162,63914164,63916364,63916220,4994,209,358
0,0.069824,23,358.330078
1,63913944,63914371,63916157,63916433,5014,210,358
0,-0.015625,20,358.374023
1,63914352,63913972,63916556,63916023,4990,211,358
0,0.204590,23,358.483887
1,63914324,63914005,63916523,63916048,4975,212,358
0,0.188965,11,358.439941
1,63914072,63914249,63916279,63916290,4982,213,358
0,0.007812,5,358.395996
1,63914104,63914223,63916305,63916278,4992,214,358
0,0.196777,13,358.461914
1,63914202,63914114,63916414,63916164,4999,215,358
0,0.120605,18,358.417969
1,63914304,63914026,63916502,63916075,4981,216,358
0,0.108887,19,358.439941
1,63914227,63914099,63916429,63916149,4987,217,358
0,0.714844,17,358.395996
1,63914305,63914033,63916495,63916080,4969,218,358
0,0.192871,16,358.439941
1,63914215,63914102,63916426,63916153,4999,219,358
0,0.216309,20,358.352051
1,63914195,63914111,63916417,63916172,5023,220,358
0,0.116699,21,358.461914
1,63914021,63914294,63916234,63916352,5009,221,358
0,0.039062,22,358.461914
1,63914179,63914143,63916385,63916188,4986,222,358
0,0.204590,19,358.374023
1,63913907,63913906,63916110,63915961,4994,223,358
0,0.003906,24,358.439941
1,63914364,63913969,63916559,63916010,4968,224,358
0,0.192871,9,358.417969
1,63913918,63913899,63916117,63915951,4986,225,358
0,0.045898,15,358.286133
1,63914229,63914102,63916426,63916153,4982,226,358
0,0.104004,25,358.505859
1,63913999,63914325,63916203,63916376,4990,227,358
0,0.366699,24,358.461914
1,63913916,63913900,63916116,63915951,4986,228,358
0,0.390625,14,358.439941
1,63914382,63913952,63916576,63915991,4965,229,358
0,0.349121,17,358.352051
1,63914043,63914284,63916244,63916340,4993,230,358
0,0.320801,18,358.417969
1,63914159,63914170,63916358,63916221,4984,231,358
0,0.352051,20,358.374023
1,63914109,63914228,63916300,63916278,4974,232,358
0,0.196777,28,358.395996
1,63913907,63913911,63916105,63915962,4983,233,358
0,0.000000,21,358.374023
1,63914200,63914114,63916414,63916168,5006,234,358
0,0.297363,21,358.395996
1,63914357,63913974,63916554,63916026,4983,235,358
0,0.112793,24,358.461914
1,63914232,63914096,63916432,63916153,4993,236,358
0,0.185059,26,358.395996
1,63914381,63913928,63916600,63915981,5010,237,358
0,0.437500,12,358.330078
1,63914377,63913947,63916581,63916001,4994,238,358
0,0.435547,32,358.461914
1,63914296,63914034,63916494,63916078,4975,239,358
0,0.299316,4,358.395996
1,63913895,63913912,63916104,63915968,5002,240,358
0,0.072754,9,358.527832
1,63914076,63914252,63916276,63916295,4976,241,358
0,0.297363,20,358.308105
1,63913962,63914360,63916168,63916419,5002,242,358
0,0.117676,7,358.417969
1,63913986,63914352,63916176,63916401,4972,243,358
0,0.111816,29,358.330078
1,63913936,63913882,63916134,63915932,4982,244,358
0,0.267090,25,358.461914
1,63913874,63913928,63916088,63915982,5006,245,358
0,0.305176,22,358.417969
1,63914107,63914224,63916304,63916270,4976,246,358
0,0.212402,13,358.417969
1,63913909,63913906,63916110,63915959,4989,247,358
0,0.173340,13,358.527832
1,63914051,63914279,63916249,63916327,4980,248,358
0,0.291504,13,358.439941
1,63914255,63914068,63916460,63916121,4994,249,358
0,0.375488,24,358.374023
1,63914315,63914024,63916504,63916059,4954,250,358
0,0.235840,16,358.374023
1,63914157,63914167,63916361,63916222,4995,251,358
0,0.108887,22,358.395996
1,63914054,63914275,63916253,63916321,4979,252,358
0,0.286621,16,358.417969
1,63914076,63914244,63916284,63916293,4993,253,358
0,0.428711,19,358.439941
1,63914107,63914225,63916303,63916278,4983,254,358
0,0.181152,28,358.374023
1,63914118,63914206,63916322,63916252,4984,255,358
0,0.409180,15,358.461914
1,63914349,63913973,63916555,63916023,4992,256,358
0,0.297363,24,358.395996
1,63914163,63914164,63916364,63916221,4994,257,358
0,0.092285,23,358.461914
1,63914091,63914229,63916299,63916290,5007,258,358
0,0.354980,20,358.483887
1,63914375,63913965,63916563,63916006,4960,259,358
0,0.259277,16,358.439941
1,63913924,63913896,63916120,63915952,4987,260,358
0,0.016602,25,358.461914
1,63914297,63914036,63916492,63916082,4974,261,358
0,0.411133,3,358.439941
1,63914142,63914187,63916341,63916244,4992,262,358
0,0.097168,25,358.439941
1,63914145,63914187,63916341,63916232,4974,263,358
0,0.105957,23,358.439941
1,63913970,63914359,63916169,63916407,4981,264,358
0,0.326660,15,358.395996
1,63913995,63914341,63916187,63916401,4987,265,358
0,0.112793,19,358.417969
1,63914045,63914285,63916243,63916334,4981,266,358
0,0.297363,21,358.374023
1,63914161,63914165,63916363,63916222,4995,267,358
0,0.451172,29,358.527832
1,63914041,63914292,63916236,63916349,4987,268,358
0,-0.003906,20,358.439941
1,63914057,63914268,63916260,63916321,4992,269,358
0,0.427734,29,358.439941
1,63913916,63913903,63916113,63915962,4992,270,358
0,0.035156,25,358.417969
1,63914051,63914275,63916253,63916330,4993,271,358
0,0.201660,19,358.352051
1,63913903,63913914,63916102,63915970,4990,272,358
0,0.077637,7,358.395996
1,63914093,63914227,63916301,63916284,5002,273,358
0,-0.073730,24,358.395996
1,63914034,63914292,63916236,63916345,4990,274,358
0,0.233887,11,358.461914
1,63914018,63914299,63916229,63916356,5006,275,358
0,0.151855,23,358.439941
1,63914005,63914316,63916212,63916370,4997,276,358
0,0.386719,19,358.374023
1,63914058,63914258,63916270,63916317,5009,277,358
0,0.388672,30,358.395996
1,63914119,63914213,63916315,63916249,4963,278,358
0,0.062988,10,358.395996
1,63914110,63914220,63916308,63916269,4981,279,358
0,0.285645,18,358.417969
1,63914242,63914092,63916436,63916149,4986,280,358
0,0.389648,31,358.374023
1,63914331,63913980,63916548,63916041,5017,281,358
0,0.031250,23,358.395996
1,63914150,63914167,63916361,63916237,5021,282,358
0,0.097168,22,358.439941
1,63914379,63913938,63916590,63915998,5009,283,358
0,0.088379,27,358.439941
1,63913969,63914355,63916173,63916408,4993,284,358
0,0.086426,12,358.505859
1,63914347,63913974,63916554,63916037,5008,285,358
0,0.139160,23,358.395996
1,63914126,63914217,63916311,63916251,4948,286,358
0,0.170410,17,358.461914
1,63914266,63914060,63916468,63916119,4997,287,358
0,0.348145,27,358.330078
1,63914249,63914082,63916446,63916133,4982,288,358
0,0.424805,32,358.374023
1,63914103,63914227,63916301,63916281,4987,289,358
0,0.281738,29,358.417969
1,63914240,63914092,63916436,63916148,4987,290,358
0,0.177246,29,358.527832
1,63914074,63914247,63916281,63916304,5001,291,358
0,0.239746,24,358.374023
1,63913969,63914362,63916166,63916418,4988,292,358
0,0.144043,23,358.395996
1,63914060,63914272,63916256,63916320,4977,293,358
0,0.220215,19,358.505859
1,63914308,63914024,63916504,63916080,4987,294,358
0,0.359863,32,358.439941
1,63913977,63914359,63916169,63916415,4982,295,358
0,0.305176,27,358.439941
1,63914055,63914269,63916259,63916321,4992,296,358
0,0.305176,26,358.439941
1,63913926,63913897,63916119,63915953,4983,297,358
0,0.332520,31,358.417969
1,63913925,63913891,63916125,63915946,4990,298,358
0,0.212402,17,358.374023
1,63914080,63914248,63916280,63916300,4987,299,358
0,0.220215,12,358.417969
1,63913994,63914333,63916195,63916377,4979,300,358
0,0.140137,13,358.439941
1,63913986,63914346,63916182,63916397,4981,301,358
0,0.369629,15,358.417969
1,63914248,63914074,63916454,63916134,5003,302,358
0,0.182129,27,358.374023
1,63914240,63914097,63916431,63916151,4979,303,358
0,0.293457,32,358.352051
1,63914375,63913948,63916580,63916003,4996,304,358
0,0.169434,19,358.374023
1,63914130,63914188,63916340,63916246,5006,305,358
0,0.301270,17,358.330078
1,63914106,63914225,63916303,63916278,4984,306,358
0,0.583984,18,358.571777
1,63914287,63914041,63916487,63916105,5001,307,358
0,0.003906,22,358.330078
1,63914359,63913970,63916558,63916027,4992,308,358
0,0.110840,22,358.439941
1,63914317,63914025,63916503,63916072,4965,309,358
0,0.293457,31,358.461914
1,63914230,63914095,63916433,63916154,4999,310,358
0,0.305176,30,358.461914
1,63913894,63913920,63916096,63915977,4995,311,358
0,0.328613,22,358.417969
1,63914266,63914040,63916488,63916113,5037,312,358
0,0.169434,23,358.395996
1,63914256,63914079,63916449,63916123,4969,313,358
0,0.482422,21,358.439941
1,63913904,63913910,63916106,63915970,4999,314,358
0,0.124512,22,358.417969
1,63914160,63914169,63916359,63916222,4987,315,358
0,0.437500,15,358.395996
1,63914026,63914297,63916231,63916365,5011,316,358
0,0.288574,27,358.439941
1,63914309,63914020,63916508,63916073,4987,317,358
0,0.397461,32,358.395996
1,63914243,63914092,63916436,63916145,4980,318,358
0,0.341309,19,358.439941
1,63914377,63913964,63916564,63916013,4968,319,358
0,0.393555,29,358.439941
1,63914089,63914241,63916287,63916290,4981,320,358
0,0.328613,21,358.352051
1,63913936,63913884,63916132,63915923,4967,321,358
0,0.146973,19,358.417969
1,63914126,63914192,63916336,63916248,5003,322,358
0,0.310059,17,358.417969
1,63914138,63914193,63916335,63916241,4979,323,358
0,0.336426,18,358.527832
1,63914214,63914107,63916421,63916172,5010,324,358
0,-0.062012,22,358.374023
1,63914220,63914105,63916423,63916175,5011,325,358
0,0.247559,25,358.352051
1,63914108,63914225,63916303,63916281,4986,326,358
0,0.046875,25,358.374023
1,63914303,63914029,63916499,63916082,4983,327,358
0,0.141113,12,358.417969
1,63913878,63913946,63916070,63915981,4957,328,358
0,0.348145,18,358.417969
1,63913983,63914352,63916176,63916407,4982,329,358
0,0.208496,23,358.439941
1,63914077,63914240,63916288,63916299,5008,330,358
0,0.293457,17,358.352051
1,63914325,63914000,63916528,63916059,4999,331,358
0,0.263184,27,358.439941
1,63914134,63914189,63916339,63916249,5002,332,358
0,0.317871,24,358.439941
1,63914071,63914247,63916281,63916307,5008,333,358
0,0.201660,24,358.483887
1,63914047,63914280,63916248,63916336,4993,334,358
0,0.240723,13,358.461914
1,63914180,63914159,63916369,63916204,4966,335,358
0,0.453125,17,358.461914
1,63914268,63914056,63916472,63916112,4996,336,358
0,0.293457,25,358.374023
1,63913957,63914363,63916165,63916422,5004,337,358
0,0.255371,25,358.395996
1,63913965,63914363,63916165,63916429,5003,338,358
0,0.216309,23,358.374023
1,63914081,63914252,63916276,63916297,4973,339,358
0,0.174316,23,358.439941
1,63914361,63913972,63916556,63916023,4980,340,358
0,0.137207,2,358.374023
1,63914331,63913983,63916545,63916041,5010,341,358
0,0.145020,14,358.352051
1,63913964,63914361,63916167,63916418,4996,342,358
0,0.144043,24,358.308105
1,63914263,63914071,63916457,63916112,4967,343,358
0,0.148926,9,358.439941
1,63914085,63914236,63916292,63916298,5007,344,358
0,0.193848,24,358.461914
1,63914257,63914061,63916467,63916119,5006,345,358
0,0.283691,3,358.439941
1,63913931,63913877,63916139,63915934,5002,346,358
0,0.205566,18,358.417969
1,63914168,63914163,63916365,63916217,4986,347,358
0,0.369629,15,358.352051
1,63913971,63914358,63916170,63916411,4987,348,358
0,0.229980,12,358.505859
1,63913884,63913923,63916093,63915981,5004,349,358
0,0.177246,22,358.483887
1,63914249,63914080,63916448,63916137,4992,350,358
0,0.428711,17,358.395996
1,63913996,63914344,63916184,63916382,4956,351,358
0,0.239746,16,358.483887
1,63913957,63914365,63916163,63916425,5003,352,358
0,0.120605,19,358.417969
1,63914043,63914288,63916240,63916347,4992,353,358
0,0.131348,27,358.439941
1,63914362,63913966,63916562,63916023,4993,354,358
0,0.140137,10,358.352051
1,63914384,63913960,63916568,63916009,4965,355,358
0,0.112793,20,358.439941
1,63913927,63913899,63916117,63915952,4976,356,358
0,0.247559,13,358.439941
1,63914250,63914077,63916451,63916129,4988,357,358
0,0.212402,19,358.439941
1,63913937,63914384,63916144,63916433,4992,358,358
0,0.120605,13,358.330078
1,63914151,63914170,63916358,63916225,4999,359,358
0,0.194824,5,358.439941
1,63914234,63914094,63916434,63916153,4995,360,358
0,0.253418,18,358.439941
1,63914079,63914243,63916285,63916294,4993,361,358
0,0.358887,22,358.374023
1,63914045,63914285,63916243,63916340,4988,362,358
0,0.366699,22,358.286133
1,63914033,63914292,63916236,63916353,5001,363,358
0,0.031250,24,358.439941
1,63913899,63913915,63916101,63915970,4993,364,358
0,0.123535,17,358.527832
1,63914185,63914137,63916391,63916199,5006,365,358
0,0.011719,20,358.439941
1,63914324,63914011,63916517,63916048,4961,366,358
0,0.147949,13,358.374023
1,63914128,63914208,63916320,63916245,4960,367,358
0,0.146973,23,358.374023
1,63913956,63914380,63916148,63916420,4963,368,358
0,0.364746,14,358.439941
1,63914305,63914024,63916504,63916081,4992,369,358
0,0.428711,33,358.417969
1,63914290,63914042,63916486,63916094,4982,370,358
0,0.003906,16,358.417969
1,63914335,63913995,63916533,63916049,4987,371,358
0,0.177246,27,358.439941
1,63914229,63914101,63916427,63916153,4984,372,358
0,0.291504,2,358.417969
1,63914345,63913975,63916553,63916041,5013,373,358
0,0.251465,27,358.374023
1,63914131,63914189,63916339,63916247,5003,374,358
0,0.116699,23,358.461914
1,63913945,63914372,63916156,63916431,5008,375,358
0,0.098145,17,358.439941
1,63914261,63914066,63916462,63916130,5002,376,358
0,0.362793,32,358.330078
1,63914023,63914307,63916221,63916360,4986,377,358
0,-0.027344,21,358.461914
1,63913893,63913917,63916099,63915982,5009,378,358
0,0.115723,24,358.395996
1,63914050,63914279,63916249,63916331,4986,379,358
0,0.239746,16,358.395996
1,63914130,63914187,63916341,63916256,5020,380,358
0,0.239746,28,358.439941
1,63913933,63913889,63916127,63915932,4969,381,358
0,0.281738,15,358.374023
1,63913928,63913897,63916119,63915951,4979,382,358
0,0.312988,21,358.417969
1,63914142,63914185,63916343,63916241,4993,383,358
0,0.233887,20,358.374023
