1,63914358,63914371,63914621,63914570,541,0,355
0,-0.474609,22,355.407715
1,63913892,63914327,63914153,63914521,533,1,355
0,-0.297363,18,355.473633
1,63914141,63914073,63914407,63914288,564,2,355
0,-0.438477,31,355.363770
1,63914171,63914055,63914425,63914250,526,3,355
0,-0.221191,17,355.385742
1,63914282,63913960,63914520,63914143,493,4,355
0,-0.359863,21,355.407715
1,63914308,63913908,63914572,63914112,548,5,355
0,-0.229980,26,355.451660
1,63914043,63914179,63914301,63914377,534,6,355
0,-0.174316,17,355.429688
1,63914161,63914090,63914390,63914288,500,7,355
0,-0.357910,29,355.429688
1,63914376,63914373,63914619,63914574,520,8,355
0,-0.536133,21,355.407715
1,63914046,63914170,63914310,63914340,509,9,355
0,-0.220215,30,355.429688
1,63914238,63913983,63914497,63914182,537,10,355
0,-0.144043,20,355.451660
1,63914314,63913904,63914576,63914074,506,11,355
0,-0.619141,40,355.495605
1,63914265,63913979,63914501,63914181,513,12,355
0,-0.311035,26,355.429688
1,63914254,63913978,63914502,63914175,521,13,355
0,-0.505859,31,355.407715
1,63913929,63914313,63914167,63914509,509,14,355
0,-0.236816,19,355.407715
1,63914066,63914158,63914322,63914353,528,15,355
0,-0.550781,25,355.363770
1,63914155,63914067,63914413,63914243,509,16,355
0,-0.143066,34,355.407715
1,63914253,63913971,63914509,63914136,493,17,355
0,-0.321777,34,355.407715
1,63914243,63913982,63914498,63914176,526,18,355
0,-0.213379,25,355.363770
1,63914366,63914365,63914627,63914566,541,19,355
0,-0.544922,23,355.341797
1,63914322,63913911,63914569,63914093,503,20,355
0,-0.243652,22,355.473633
1,63914123,63914102,63914378,63914292,521,21,355
0,-0.073730,27,355.495605
1,63914104,63914112,63914368,63914314,546,22,355
0,-0.265137,19,355.407715
1,63914076,63914161,63914319,63914354,511,23,355
0,-0.222168,33,355.385742
1,63914286,63913946,63914534,63914139,517,24,355
0,-0.305176,15,355.341797
1,63913972,63914249,63914231,63914444,532,25,355
0,-0.496094,15,355.473633
1,63913965,63914254,63914226,63914460,547,26,355
0,-0.267090,16,355.407715
1,63913980,63914244,63914236,63914438,527,27,355
0,-0.174316,18,355.429688
1,63913915,63914319,63914161,63914486,484,28,355
0,0.023438,29,355.429688
1,63914361,63914384,63914608,63914585,525,29,355
0,-0.089355,18,355.429688
1,63914238,63913993,63914487,63914181,512,30,355
0,-0.192871,19,355.385742
1,63913952,63914297,63914183,63914498,506,31,355
0,-0.133301,26,355.407715
1,63914364,63914365,63914627,63914567,545,32,355
0,-0.608398,26,355.363770
1,63914257,63913970,63914510,63914162,521,33,355
0,-0.428711,23,355.407715
1,63914172,63914066,63914414,63914259,510,34,355
0,-0.232910,15,355.495605
1,63914101,63914124,63914356,63914319,527,35,355
0,-0.188965,15,355.517578
1,63914066,63914163,63914317,63914351,514,36,355
0,-0.062012,24,355.495605
1,63914005,63914251,63914229,63914437,480,37,355
0,-0.372559,24,355.451660
1,63913922,63914304,63914176,63914496,523,38,355
0,-0.123535,23,355.407715
1,63914060,63914176,63914304,63914376,520,39,355
0,-0.372559,19,355.473633
1,63914067,63914164,63914316,63914360,521,40,355
0,-0.567383,30,355.407715
1,63913955,63914291,63914189,63914487,504,41,355
0,-0.455078,27,355.451660
1,63914109,63914108,63914372,63914309,544,42,355
0,-0.312988,21,355.473633
1,63913984,63914242,63914238,63914438,527,43,355
0,-0.243652,14,355.407715
1,63913875,63914351,63914129,63914550,531,44,355
0,-0.204590,24,355.385742
1,63914004,63914228,63914252,63914421,517,45,355
0,-0.069824,29,355.473633
1,63913983,63914241,63914239,63914419,509,46,355
0,-0.201660,27,355.429688
1,63913962,63914276,63914204,63914465,505,47,355
0,-0.042969,18,355.429688
1,63914039,63914188,63914292,63914360,498,48,355
0,-0.233887,33,355.407715
1,63914187,63914038,63914442,63914230,524,49,355
0,-0.235840,25,355.429688
1,63914345,63913894,63914586,63914085,506,50,355
0,-0.225098,21,355.429688
1,63914365,63914366,63914626,63914564,538,51,355
0,-0.192871,18,355.429688
1,63914231,63913996,63914484,63914190,524,52,355
0,-0.206543,16,355.407715
1,63914226,63914003,63914477,63914200,525,53,355
0,-0.476562,23,355.473633
1,63914266,63913967,63914513,63914153,507,54,355
0,-0.320801,25,355.429688
1,63914374,63914358,63914634,63914526,502,55,355
0,-0.151855,27,355.451660
1,63914363,63914384,63914608,63914575,511,56,355
0,-0.386719,40,355.473633
1,63914302,63913919,63914561,63914098,513,57,355
0,-0.316895,34,355.341797
1,63914230,63913992,63914488,63914188,532,58,355
0,-0.476562,17,355.385742
1,63914175,63914042,63914438,63914240,540,59,355
0,-0.312988,21,355.363770
1,63914159,63914096,63914384,63914265,462,60,355
0,-0.101074,31,355.473633
1,63914047,63914167,63914313,63914371,551,61,355
0,-0.388672,23,355.363770
1,63914208,63914041,63914439,63914220,480,62,355
0,-0.241699,31,355.385742
1,63913996,63914229,63914251,63914421,524,63,355
0,-0.078613,26,355.451660
1,63914124,63914094,63914386,63914290,537,64,355
0,-0.045898,23,355.407715
1,63913965,63914266,63914214,63914464,524,65,355
0,-0.433594,27,355.495605
1,63914156,63914080,63914400,63914260,497,66,355
0,-0.173340,17,355.429688
1,63914011,63914216,63914264,63914417,532,67,355
0,-0.261230,31,355.363770
1,63914162,63914061,63914419,63914244,516,68,355
0,-0.212402,38,355.429688
1,63913975,63914246,63914234,63914443,534,69,355
0,-0.453125,15,355.363770
1,63914106,63914129,63914351,63914339,533,70,355
0,-0.100098,23,355.407715
1,63914028,63914212,63914268,63914398,499,71,355
0,-0.281738,17,355.429688
1,63914004,63914232,63914248,63914418,504,72,355
0,-0.231934,25,355.363770
1,63914382,63914358,63914634,63914553,524,73,355
0,-0.151855,26,355.451660
1,63914028,63914201,63914279,63914392,518,74,355
0,-0.185059,14,355.407715
1,63914131,63914092,63914388,63914289,532,75,355
0,-0.524414,28,355.407715
1,63914179,63914047,63914433,63914218,498,76,355
0,-0.352051,29,355.407715
1,63914057,63914182,63914298,63914384,519,77,355
0,-0.263184,16,355.363770
1,63914117,63914099,63914381,63914304,550,78,355
0,-0.313965,24,355.451660
1,63914050,63914186,63914294,63914360,490,79,355
0,-0.101074,30,355.429688
1,63914092,63914124,63914356,63914328,548,80,355
0,-0.112793,18,355.385742
1,63914036,63914195,63914285,63914395,526,81,355
0,-0.295410,21,355.407715
1,63914117,63914109,63914371,63914299,520,82,355
0,-0.432617,19,355.407715
1,63914105,63914137,63914343,63914315,487,83,355
0,-0.228027,16,355.429688
1,63914111,63914105,63914375,63914289,525,84,355
0,-0.253418,36,355.451660
1,63914132,63914096,63914384,63914258,485,85,355
0,-0.235840,34,355.341797
1,63914003,63914241,63914239,63914424,491,86,355
0,-0.200684,30,355.407715
1,63913990,63914234,63914246,63914435,536,87,355
0,-0.178223,22,355.517578
1,63914017,63914229,63914251,63914431,511,88,355
0,-0.480469,27,355.385742
1,63913921,63914302,63914178,63914497,530,89,355
0,-0.224121,19,355.407715
1,63914220,63914013,63914467,63914181,486,90,355
0,-0.405273,32,355.341797
1,63914285,63913940,63914540,63914144,538,91,355
0,-0.453125,24,355.429688
1,63914370,63914376,63914616,63914575,521,92,355
0,-0.293457,13,355.495605
1,63914311,63913911,63914569,63914113,539,93,355
0,-0.421875,29,355.407715
1,63914133,63914097,63914383,63914290,519,94,355
0,-0.472656,27,355.495605
1,63913984,63914240,63914240,63914438,532,95,355
0,-0.267090,18,355.451660
1,63914019,63914225,63914255,63914406,489,96,355
0,-0.424805,25,355.451660
1,63913927,63914313,63914167,63914515,518,97,355
0,-0.340332,17,355.451660
1,63913966,63914293,63914187,63914482,480,98,355
0,-0.022461,23,355.407715
1,63913997,63914229,63914251,63914406,505,99,355
0,-0.253418,36,355.473633
1,63913929,63914297,63914183,63914490,524,100,355
0,-0.405273,30,355.385742
1,63914061,63914170,63914310,63914364,519,101,355
0,-0.316895,27,355.341797
1,63913926,63914294,63914186,63914493,538,102,355
0,-0.042969,25,355.473633
1,63913992,63914237,63914243,63914431,521,103,355
0,-0.301270,23,355.363770
1,63914231,63914018,63914462,63914195,478,104,355
0,-0.213379,13,355.385742
1,63914243,63913980,63914500,63914178,533,105,355
0,-0.398438,27,355.363770
1,63914211,63914035,63914445,63914226,498,106,355
0,-0.259277,23,355.473633
1,63914100,63914121,63914359,63914300,513,107,355
0,-0.145020,34,355.451660
1,63914164,63914055,63914425,63914241,524,108,355
0,-0.617188,40,355.407715
1,63914302,63913919,63914561,63914118,537,109,355
0,-0.372559,22,355.385742
1,63914243,63913974,63914506,63914175,544,110,355
0,-0.533203,29,355.363770
1,63914368,63914380,63914612,63914566,504,111,355
0,-0.414062,40,355.473633
1,63913889,63914346,63914134,63914537,511,112,355
0,-0.267090,24,355.429688
1,63914172,63914063,63914417,63914236,490,113,355
0,-0.015625,34,355.341797
1,63913882,63914340,63914140,63914527,521,114,355
0,-0.309082,19,355.385742
1,63914106,63914137,63914343,63914333,507,115,355
0,-0.213379,18,355.473633
1,63914098,63914122,63914358,63914322,539,116,355
0,-0.194824,22,355.473633
1,63914061,63914165,63914315,63914336,498,117,355
0,-0.341309,43,355.451660
1,63913978,63914248,63914232,63914443,526,118,355
0,-0.194824,19,355.319824
1,63914098,63914120,63914360,63914318,539,119,355
0,-0.402344,18,355.473633
1,63914239,63914009,63914471,63914188,482,120,355
0,-0.343262,13,355.429688
1,63914294,63913927,63914553,63914094,499,121,355
0,0.030273,24,355.473633
1,63914338,63913903,63914577,63914100,511,122,355
0,-0.123535,29,355.451660
1,63914057,63914166,63914314,63914359,527,123,355
0,-0.097168,21,355.385742
1,63914368,63914361,63914631,63914561,543,124,355
0,-0.613281,27,355.363770
1,63914004,63914224,63914256,63914419,524,125,355
0,-0.480469,32,355.363770
1,63914316,63913933,63914547,63914125,496,126,355
0,-0.397461,19,355.429688
1,63913926,63914309,63914171,63914514,527,127,355
0,-0.104980,17,355.495605
1,63914114,63914097,63914383,63914305,559,128,355
0,-0.251465,23,355.517578
1,63914229,63914021,63914459,63914198,477,129,355
0,-0.335449,17,355.385742
1,63913915,63914314,63914166,63914485,494,130,355
0,-0.228027,32,355.385742
1,63914176,63914049,63914431,63914244,527,131,355
0,-0.443359,21,355.473633
1,63914295,63913964,63914516,63914125,448,132,355
0,-0.237793,42,355.451660
1,63914356,63913887,63914593,63914052,471,133,355
0,-0.200684,37,355.473633
1,63914233,63913993,63914487,63914174,510,134,355
0,-0.412109,36,355.407715
1,63913973,63914261,63914219,63914431,487,135,355
0,-0.576172,38,355.473633
1,63914080,63914154,63914326,63914362,532,136,355
0,-0.351074,31,355.363770
1,63914208,63914048,63914432,63914242,490,137,355
0,-0.436523,20,355.363770
1,63914235,63913994,63914486,63914182,514,138,355
0,-0.253418,21,355.363770
1,63914180,63914050,63914430,63914251,528,139,355
0,-0.356934,21,355.407715
1,63914236,63914008,63914472,63914195,496,140,355
0,-0.375488,16,355.341797
1,63914160,63914078,63914402,63914275,514,141,355
0,-0.232910,22,355.451660
1,63914249,63913975,63914505,63914172,531,142,355
0,-0.353027,29,355.429688
1,63913909,63914352,63914128,63914543,480,143,355
0,-0.301270,26,355.473633
1,63914350,63914381,63914611,63914552,506,144,355
0,-0.173340,32,355.407715
1,63913996,63914230,63914250,63914421,521,145,355
0,-0.228027,24,355.429688
1,63914139,63914087,63914393,63914286,531,146,355
0,-0.237793,28,355.407715
1,63914027,63914231,63914249,63914416,477,147,355
0,-0.440430,29,355.385742
1,63914104,63914120,63914360,63914286,494,148,355
0,-0.228027,26,355.451660
1,63914224,63914012,63914468,63914196,502,149,355
0,-0.511719,14,355.407715
1,63914232,63914022,63914458,63914214,490,150,355
0,-0.400391,23,355.495605
1,63914326,63913914,63914566,63914110,511,151,355
0,-0.389648,23,355.429688
1,63913938,63914314,63914166,63914506,492,152,355
0,-0.332520,18,355.363770
1,63914036,63914206,63914274,63914393,498,153,355
0,-0.289551,14,355.363770
1,63914114,63914106,63914374,63914300,532,154,355
0,-0.132324,26,355.473633
1,63914136,63914092,63914388,63914282,518,155,355
0,-0.417969,26,355.341797
1,63914360,63914371,63914621,63914583,554,156,355
0,-0.314941,21,355.473633
1,63914130,63914089,63914391,63914261,507,157,355
0,-0.285645,38,355.517578
1,63914174,63914046,63914434,63914246,539,158,355
0,-0.259277,20,355.385742
1,63914242,63913982,63914498,63914177,528,159,355
0,-0.290527,23,355.363770
1,63914271,63913961,63914519,63914148,510,160,355
0,-0.247559,23,355.407715
1,63914127,63914097,63914383,63914292,528,161,355
0,-0.069824,23,355.385742
1,63914310,63913913,63914567,63914108,530,162,355
0,-0.320801,32,355.363770
1,63914261,63913983,63914497,63914156,479,163,355
0,-0.433594,28,355.429688
1,63914241,63914014,63914466,63914193,473,164,355
0,-0.235840,15,355.407715
1,63914336,63913895,63914585,63914088,518,165,355
0,-0.348145,23,355.495605
1,63913914,63914309,63914171,63914486,509,166,355
0,-0.143066,29,355.341797
1,63913981,63914240,63914240,63914422,517,167,355
0,-0.401367,34,355.385742
1,63914090,63914146,63914334,63914333,505,168,355
0,-0.589844,19,355.473633
1,63914195,63914037,63914443,63914229,516,169,355
0,-0.182129,30,355.385742
1,63914327,63913898,63914582,63914105,541,170,355
0,-0.333496,34,355.429688
1,63914368,63914364,63914628,63914561,536,171,355
0,-0.285645,25,355.385742
1,63914291,63913969,63914511,63914166,489,172,355
0,-0.249512,32,355.451660
1,63914360,63914372,63914620,63914551,514,173,355
0,-0.255371,31,355.363770
1,63914327,63913902,63914578,63914092,517,174,355
0,-0.413086,25,355.385742
1,63913994,63914227,63914253,63914426,537,175,355
0,-0.360840,32,355.429688
1,63914119,63914099,63914381,63914300,543,176,355
0,-0.088379,26,355.341797
1,63914102,63914113,63914367,63914315,547,177,355
0,-0.096191,16,355.451660
1,63914211,63914019,63914461,63914218,526,178,355
0,-0.105957,28,355.363770
1,63914279,63913974,63914506,63914144,465,179,355
0,-0.390625,33,355.341797
1,63914034,63914186,63914294,63914365,514,180,355
0,-0.429688,32,355.341797
1,63914205,63914023,63914457,63914215,520,181,355
0,-0.018555,23,355.407715
1,63914385,63914353,63914639,63914548,526,182,355
0,-0.239746,25,355.451660
1,63914367,63914367,63914625,63914546,512,183,355
0,-0.347168,33,355.385742
1,63914289,63913940,63914540,63914126,512,184,355
0,-0.445312,43,355.407715
1,63914263,63913979,63914501,63914176,510,185,355
0,-0.132324,28,355.451660
1,63914231,63914007,63914473,63914187,494,186,355
0,-0.390625,18,355.429688
1,63913933,63914293,63914187,63914487,525,187,355
0,-0.155762,21,355.385742
1,63913939,63914296,63914184,63914483,506,188,355
0,-0.320801,26,355.495605
1,63914044,63914173,63914307,63914371,540,189,355
0,-0.546875,24,355.385742
1,63913965,63914290,63914190,63914489,497,190,355
0,-0.093262,21,355.429688
1,63914349,63913904,63914576,63914092,486,191,355
0,-0.243652,25,355.407715
1,63914162,63914062,63914418,63914245,514,192,355
0,-0.287598,37,355.495605
1,63914198,63914054,63914426,63914221,463,193,355
0,-0.007812,24,355.451660
1,63914103,63914132,63914348,63914336,526,194,355
0,-0.320801,22,355.363770
1,63913911,63914311,63914169,63914512,538,195,355
0,-0.015625,18,355.341797
1,63913988,63914234,63914246,63914431,533,196,355
0,-0.535156,24,355.517578
1,63914040,63914176,63914304,63914380,548,197,355
0,-0.151855,15,355.407715
1,63914145,63914075,63914405,63914269,532,198,355
0,-0.413086,20,355.407715
1,63914176,63914062,63914418,63914242,494,199,355
0,-0.251465,39,355.451660
1,63914233,63914005,63914475,63914172,479,200,355
0,-0.077637,33,355.517578
1,63914116,63914105,63914375,63914280,509,201,355
0,-0.419922,34,355.429688
1,63914028,63914204,63914276,63914395,514,202,355
0,-0.093262,16,355.451660
1,63914054,63914170,63914310,63914368,532,203,355
0,-0.505859,29,355.429688
1,63914229,63914001,63914479,63914178,500,204,355
0,-0.300293,34,355.451660
1,63913913,63914336,63914144,63914511,476,205,355
0,-0.389648,13,355.429688
1,63913932,63914292,63914188,63914490,532,206,355
0,-0.359863,22,355.429688
1,63913973,63914259,63914221,63914442,505,207,355
0,-0.326660,40,355.341797
1,63913921,63914316,63914164,63914511,513,208,355
0,-0.081543,16,355.473633
1,63914372,63914360,63914632,63914559,538,209,355
0,-0.660156,27,355.451660
1,63914247,63913978,63914502,63914178,533,210,355
0,-0.354004,27,355.341797
1,63914241,63913985,63914495,63914181,527,211,355
0,-0.647461,23,355.407715
1,63914332,63913912,63914568,63914113,512,212,355
0,-0.322754,25,355.429688
1,63914152,63914089,63914391,63914273,496,213,355
0,-0.347168,20,355.451660
1,63913995,63914233,63914247,63914430,526,214,355
0,-0.039062,26,355.451660
1,63914305,63913917,63914563,63914117,537,215,355
0,-0.247559,20,355.363770
1,63914249,63913985,63914495,63914176,512,216,355
0,-0.360840,26,355.495605
1,63914239,63913982,63914498,63914180,536,217,355
0,-0.421875,25,355.341797
1,63914176,63914045,63914435,63914246,539,218,355
0,-0.628906,24,355.429688
1,63913944,63914288,63914192,63914479,514,219,355
0,-0.460938,29,355.385742
1,63913908,63914317,63914163,63914502,516,220,355
0,-0.061035,38,355.429688
1,63913879,63914348,63914132,63914527,506,221,355
0,-0.470703,17,355.385742
1,63913959,63914278,63914202,63914464,503,222,355
0,-0.389648,18,355.429688
1,63913900,63914344,63914136,63914548,516,223,355
0,-0.194824,29,355.385742
1,63913913,63914312,63914168,63914509,530,224,355
0,-0.531250,18,355.429688
1,63913983,63914242,63914238,63914421,509,225,355
0,-0.222168,32,355.385742
1,63914279,63913947,63914533,63914119,499,226,355
0,-0.183105,37,355.451660
1,63914164,63914050,63914430,63914240,534,227,355
0,-0.544922,37,355.385742
1,63913960,63914296,63914184,63914484,483,228,355
0,-0.112793,21,355.495605
1,63913995,63914245,63914235,63914435,504,229,355
0,-0.193848,35,355.341797
1,63913999,63914233,63914247,63914428,519,230,355
0,-0.097168,25,355.341797
1,63913946,63914287,63914193,63914472,506,231,355
0,-0.408203,20,355.451660
1,63914249,63913979,63914501,63914169,518,232,355
0,-0.131348,26,355.297852
1,63914098,63914113,63914367,63914318,555,233,355
0,-0.261230,42,355.363770
1,63914044,63914173,63914307,63914353,519,234,355
0,-0.339355,29,355.473633
1,63914384,63914353,63914639,63914553,533,235,355
0,-0.190918,31,355.407715
1,63914122,63914100,63914380,63914301,538,236,355
0,-0.235840,22,355.341797
1,63914158,63914069,63914411,63914268,530,237,355
0,-0.445312,21,355.319824
1,63914147,63914108,63914372,63914303,492,238,355
0,-0.503906,24,355.407715
1,63914093,63914130,63914350,63914341,548,239,355
0,-0.294434,27,355.429688
1,63914036,63914213,63914267,63914399,489,240,355
0,-0.105957,21,355.407715
1,63914012,63914231,63914249,63914429,510,241,355
0,-0.255371,22,355.451660
1,63913975,63914286,63914194,63914476,479,242,355
0,-0.458984,23,355.341797
1,63913919,63914334,63914146,63914527,492,243,355
0,-0.236816,20,355.385742
1,63914372,63914361,63914631,63914559,536,244,355
0,-0.212402,20,355.297852
1,63914340,63913884,63914596,63914076,525,245,355
0,-0.458984,19,355.473633
1,63914367,63914377,63914615,63914572,519,246,355
0,-0.472656,41,355.363770
1,63914374,63913881,63914599,63914074,490,247,355
0,-0.604492,17,355.341797
1,63914082,63914152,63914328,63914344,513,248,355
0,-0.146973,24,355.363770
1,63914049,63914174,63914306,63914376,538,249,355
0,-0.267090,19,355.363770
1,63913965,63914275,63914205,63914457,494,250,355
0,-0.444336,16,355.319824
1,63913983,63914240,63914240,63914420,512,251,355
0,-0.302246,29,355.319824
1,63914347,63913876,63914604,63914055,511,252,355
0,-0.189941,37,355.363770
1,63914318,63913904,63914576,63914099,531,253,355
0,-0.263184,23,355.451660
1,63914225,63913997,63914483,63914194,533,254,355
0,-0.368652,15,355.407715
1,63914173,63914059,63914421,63914229,490,255,355
0,-0.373535,32,355.407715
1,63914139,63914114,63914366,63914314,500,256,355
0,-0.323730,19,355.341797
1,63913983,63914245,63914235,63914439,523,257,355
0,-0.529297,19,355.407715
1,63914363,63914380,63914612,63914561,504,258,355
0,-0.185059,34,355.407715
1,63914328,63913920,63914560,63914120,506,259,355
0,-0.447266,22,355.473633
1,63914071,63914165,63914315,63914351,504,260,355
0,-0.182129,26,355.407715
1,63913986,63914238,63914242,63914414,506,261,355
0,-0.218262,29,355.429688
1,63913989,63914239,63914241,63914432,521,262,355
0,-0.229004,31,355.429688
1,63914050,63914166,63914314,63914366,544,263,355
0,-0.255371,24,355.429688
1,63913893,63914355,63914125,63914556,507,264,355
0,-0.372559,33,355.319824
1,63913917,63914316,63914164,63914513,520,265,355
0,-0.019531,15,355.473633
1,63914088,63914136,63914344,63914342,541,266,355
0,-0.326660,26,355.407715
1,63913972,63914274,63914206,63914450,480,267,355
0,-0.431641,14,355.363770
1,63913963,63914279,63914201,63914468,500,268,355
0,-0.239746,21,355.407715
1,63914305,63913918,63914562,63914115,532,269,355
0,-0.655273,26,355.473633
1,63914036,63914197,63914283,63914382,506,270,355
0,-0.354980,12,355.451660
1,63914260,63913977,63914503,63914172,513,271,355
0,-0.301270,30,355.275879
1,63914112,63914108,63914372,63914304,534,272,355
0,-0.027344,22,355.429688
1,63913948,63914281,63914199,63914445,486,273,355
0,0.011719,35,355.451660
1,63913942,63914303,63914177,63914498,504,274,355
0,-0.073730,18,355.473633
1,63914101,63914151,63914329,63914305,448,275,355
0,0.069824,34,355.385742
1,63914340,63913899,63914581,63914086,502,276,355
0,-0.088379,22,355.363770
1,63914270,63913968,63914512,63914164,513,277,355
0,-0.111816,26,355.451660
1,63914104,63914111,63914369,63914282,511,278,355
0,-0.220215,22,355.473633
1,63913931,63914320,63914160,63914510,491,279,355
0,-0.182129,15,355.429688
1,63914141,63914089,63914391,63914280,517,280,355
0,-0.107910,22,355.429688
1,63914068,63914166,63914314,63914361,517,281,355
0,-0.293457,27,355.451660
1,63914216,63914020,63914460,63914213,512,282,355
0,-0.305176,22,355.451660
1,63914025,63914224,63914256,63914419,499,283,355
0,-0.367676,30,355.429688
1,63913901,63914328,63914152,63914519,518,284,355
0,-0.536133,16,355.407715
1,63914176,63914045,63914435,63914248,541,285,355
0,-0.353027,22,355.473633
1,63914132,63914117,63914363,63914292,476,286,355
0,-0.320801,27,355.363770
1,63914042,63914177,63914303,63914383,547,287,355
0,-0.302246,19,355.473633
1,63914297,63913923,63914557,63914130,547,288,355
0,-0.398438,18,355.429688
1,63914377,63914372,63914620,63914583,532,289,355
0,-0.119629,17,355.495605
1,63913879,63914375,63914105,63914553,473,290,355
0,-0.305176,34,355.451660
1,63914170,63914048,63914432,63914247,540,291,355
0,-0.216309,15,355.363770
1,63914299,63913922,63914558,63914121,537,292,355
0,-0.462891,19,355.451660
1,63914214,63914023,63914457,63914217,512,293,355
0,-0.128418,24,355.363770
1,63913939,63914285,63914195,63914480,528,294,355
0,-0.247559,25,355.451660
1,63914233,63913993,63914487,63914157,490,295,355
0,-0.104980,22,355.407715
1,63914226,63914012,63914468,63914208,513,296,355
0,-0.144043,15,355.473633
1,63914208,63914038,63914442,63914232,502,297,355
0,-0.388672,21,355.407715
1,63914087,63914132,63914348,63914339,548,298,355
0,-0.140137,21,355.385742
1,63914046,63914189,63914291,63914353,479,299,355
0,-0.042969,30,355.473633
1,63914000,63914227,63914253,63914425,528,300,355
0,-0.406250,30,355.407715
1,63914360,63914373,63914619,63914551,512,301,355
0,-0.069824,29,355.429688
1,63914238,63913985,63914495,63914159,505,302,355
0,-0.064941,27,355.451660
1,63914154,63914066,63914414,63914273,547,303,355
0,-0.290527,26,355.341797
1,63914110,63914108,63914372,63914308,541,304,355
0,-0.312988,19,355.429688
1,63913981,63914242,63914238,63914421,511,305,355
0,0.011719,33,355.429688
1,63914325,63913904,63914576,63914109,534,306,355
0,-0.555664,37,355.407715
1,63914074,63914152,63914328,63914345,524,307,355
0,-0.390625,27,355.341797
1,63914365,63913889,63914591,63914076,484,308,355
0,-0.239746,18,355.429688
1,63914313,63913914,63914566,63914108,524,309,355
0,-0.340332,25,355.407715
1,63914285,63913952,63914528,63914143,509,310,355
0,-0.562500,16,355.429688
1,63914294,63913943,63914537,63914151,528,311,355
0,-0.511719,25,355.429688
1,63914245,63913985,63914495,63914176,517,312,355
0,-0.316895,21,355.385742
1,63914043,63914184,63914296,63914378,524,313,355
0,-0.448242,21,355.385742
1,63914060,63914182,63914298,63914382,513,314,355
0,-0.035156,13,355.363770
1,63914290,63913964,63914516,63914138,469,315,355
0,-0.209473,16,355.407715
1,63914041,63914187,63914293,63914379,520,316,355
0,-0.429688,39,355.363770
1,63914011,63914218,63914262,63914407,516,317,355
0,-0.239746,22,355.429688
1,63913904,63914321,63914159,63914504,513,318,355
0,-0.301270,36,355.517578
1,63913985,63914235,63914245,63914415,516,319,355
0,-0.428711,35,355.407715
1,63913997,63914229,63914251,63914430,533,320,355
0,-0.295410,27,355.429688
1,63914033,63914202,63914278,63914369,483,321,355
0,-0.174316,32,355.407715
1,63913975,63914252,63914228,63914444,521,322,355
0,-0.116699,15,355.319824
1,63914236,63914004,63914476,63914165,470,323,355
0,-0.027344,28,355.429688
1,63913989,63914244,63914236,63914442,521,324,355
0,-0.551758,18,355.385742
1,63914240,63913985,63914495,63914182,530,325,355
0,-0.200684,15,355.451660
1,63914104,63914114,63914366,63914290,513,326,355
0,-0.035156,29,355.429688
1,63913995,63914261,63914219,63914430,460,327,355
0,-0.089355,33,355.407715
1,63913941,63914289,63914191,63914449,480,328,355
0,-0.228027,33,355.429688
1,63914262,63913974,63914506,63914166,511,329,355
0,-0.344238,29,355.407715
1,63914236,63914031,63914449,63914193,439,330,355
0,0.019531,37,355.451660
1,63913942,63914293,63914187,63914485,512,331,355
0,-0.295410,30,355.407715
1,63914369,63914364,63914628,63914561,534,332,355
0,-0.435547,21,355.407715
1,63914177,63914046,63914434,63914244,533,333,355
0,-0.255371,21,355.341797
1,63913983,63914241,63914239,63914414,503,334,355
0,-0.458984,21,355.341797
1,63914369,63913897,63914583,63914056,437,335,355
0,-0.035156,35,355.495605
1,63914058,63914172,63914308,63914362,516,336,355
0,-0.170410,21,355.385742
1,63914129,63914103,63914377,63914292,512,337,355
0,-0.398438,28,355.473633
1,63914043,63914178,63914302,63914364,521,338,355
0,-0.231934,30,355.363770
1,63914005,63914246,63914234,63914443,499,339,355
0,-0.425781,24,355.473633
1,63914208,63914036,63914444,63914188,455,340,355
0,-0.131348,31,355.363770
1,63914108,63914110,63914370,63914312,544,341,355
0,-0.204590,20,355.407715
1,63914135,63914090,63914390,63914290,533,342,355
0,-0.441406,30,355.429688
1,63914358,63913891,63914589,63914088,502,343,355
0,-0.505859,29,355.451660
1,63914205,63914028,63914452,63914222,517,344,355
0,-0.324707,25,355.407715
1,63913897,63914331,63914149,63914528,526,345,355
0,-0.188965,20,355.451660
1,63914195,63914035,63914445,63914234,526,346,355
0,-0.241699,30,355.385742
1,63914288,63913957,63914523,63914136,485,347,355
0,-0.297363,15,355.429688
1,63914137,63914090,63914390,63914282,521,348,355
0,-0.003906,23,355.407715
1,63913924,63914299,63914181,63914495,531,349,355
0,-0.293457,27,355.451660
1,63913886,63914335,63914145,63914541,545,350,355
0,-0.295410,29,355.429688
1,63914227,63913993,63914487,63914165,506,351,355
0,-0.212402,27,355.429688
1,63914071,63914153,63914327,63914342,521,352,355
0,-0.007812,23,355.451660
1,63914103,63914122,63914358,63914316,526,353,355
0,-0.479492,18,355.407715
1,63913911,63914305,63914175,63914510,550,354,355
0,-0.073730,13,355.407715
1,63914125,63914112,63914368,63914315,523,355,355
0,-0.408203,18,355.429688
1,63914074,63914148,63914332,63914353,543,356,355
0,-0.251465,26,355.363770
1,63914280,63913962,63914518,63914145,493,357,355
0,-0.232910,19,355.429688
1,63914160,63914066,63914414,63914259,524,358,355
0,-0.188965,14,355.407715
1,63914047,63914171,63914309,63914373,544,359,355
0,-0.023438,20,355.407715
1,63914345,63913887,63914593,63914085,523,360,355
0,-0.428711,24,355.429688
1,63914255,63913976,63914504,63914174,524,361,355
0,-0.112793,31,355.429688
1,63914200,63914025,63914455,63914228,537,362,355
0,-0.019531,24,355.407715
1,63914010,63914213,63914267,63914411,533,363,355
0,-0.181152,26,355.539551
1,63914075,63914153,63914327,63914324,496,364,355
0,-0.501953,39,355.429688
1,63913925,63914299,63914181,63914495,530,365,355
0,-0.206543,26,355.451660
1,63914128,63914095,63914385,63914290,530,366,355
0,-0.065918,25,355.363770
1,63913974,63914252,63914228,63914439,517,367,355
0,-0.437500,40,355.363770
1,63914375,63914365,63914627,63914535,494,368,355
0,-0.279785,35,355.407715
1,63914076,63914158,63914322,63914352,516,369,355
0,-0.128418,24,355.407715
1,63914308,63913915,63914565,63914114,534,370,355
0,-0.578125,19,355.429688
1,63914167,63914056,63914424,63914251,530,371,355
0,-0.293457,16,355.407715
1,63914296,63913946,63914534,63914120,483,372,355
0,-0.355957,33,355.385742
1,63913975,63914256,63914224,63914424,489,373,355
0,-0.259277,29,355.363770
1,63914344,63913895,63914585,63914082,502,374,355
0,-0.369629,24,355.451660
1,63914150,63914105,63914375,63914304,497,375,355
0,-0.402344,29,355.451660
1,63913987,63914241,63914239,63914439,527,376,355
0,-0.421875,22,355.407715
1,63914138,63914090,63914390,63914279,517,377,355
0,-0.297363,22,355.385742
1,63913946,63914279,63914201,63914478,532,378,355
0,-0.035156,24,355.319824
1,63914373,63914374,63914618,63914576,524,379,355
0,-0.455078,17,355.363770
1,63914301,63913944,63914536,63914134,498,380,355
0,-0.196777,13,355.429688
1,63914056,63914165,63914315,63914370,544,381,355
0,-0.243652,21,355.341797
1,63913913,63914319,63914161,63914530,538,382,355
0,-0.325684,27,355.407715
1,63914242,63913978,63914502,63914177,538,383,355
0,-0.119629,21,355.407715
1,63914198,63914040,63914440,63914205,477,384,355
0,-0.611328,39,355.407715
1,63914179,63914048,63914432,63914238,519,385,355
0,-0.188965,21,355.385742
1,63914044,63914183,63914297,63914359,503,386,355
0,-0.240723,27,355.385742
1,63914340,63913910,63914570,63914105,498,387,355
0,-0.431641,19,355.473633
1,63914043,63914172,63914308,63914347,516,388,355
0,-0.319824,29,355.451660
1,63914326,63913904,63914576,63914095,517,389,355
0,-0.228027,25,355.341797
1,63914341,63913888,63914592,63914082,521,390,355
0,-0.192871,21,355.385742
1,63913922,63914308,63914172,63914506,525,391,355
0,-0.355957,13,355.363770
1,63914030,63914210,63914270,63914395,498,392,355
0,-0.298340,18,355.429688
1,63914260,63913976,63914504,63914169,512,393,355
0,-0.371582,23,355.385742
1,63914177,63914043,63914437,63914207,497,394,355
0,-0.247559,21,355.451660
1,63914105,63914158,63914322,63914343,471,395,355
0,-0.301270,24,355.363770
1,63914069,63914175,63914305,63914379,516,396,355
0,-0.445312,18,355.429688
1,63914270,63913987,63914493,63914184,492,397,355
0,-0.393555,21,355.385742
1,63914049,63914173,63914307,63914375,539,398,355
0,-0.375488,17,355.495605
1,63913954,63914280,63914200,63914440,476,399,355
0,-0.045898,31,355.517578
1,63914332,63913918,63914562,63914116,502,400,355
0,-0.464844,29,355.363770
1,63914249,63913978,63914502,63914171,523,401,355
0,-0.309082,26,355.473633
1,63914108,63914107,63914373,63914307,545,402,355
0,-0.139160,17,355.429688
1,63914231,63914004,63914476,63914185,499,403,355
0,-0.394531,41,355.363770
1,63914270,63913970,63914510,63914128,466,404,355
0,-0.188965,34,355.451660
1,63913939,63914291,63914189,63914491,527,405,355
0,-0.196777,25,355.407715
1,63914353,63914379,63914613,63914553,509,406,355
0,-0.011719,30,355.363770
1,63914137,63914089,63914391,63914274,514,407,355
0,-0.630859,17,355.451660
1,63914257,63913977,63914503,63914168,512,408,355
0,-0.457031,33,355.407715
1,63914176,63914044,63914436,63914238,532,409,355
0,-0.364746,21,355.495605
1,63914190,63914037,63914443,63914230,523,410,355
0,-0.019531,23,355.429688
1,63914153,63914074,63914406,63914273,530,411,355
0,-0.042969,20,355.429688
1,63914072,63914153,63914327,63914357,538,412,355
0,-0.015625,25,355.429688
1,63913988,63914232,63914248,63914434,541,413,355
0,-0.267090,20,355.341797
1,63914238,63913986,63914494,63914181,528,414,355
0,-0.393555,17,355.473633
1,63914173,63914084,63914396,63914266,475,415,355
0,-0.306152,21,355.407715
1,63914119,63914104,63914376,63914304,536,416,355
0,-0.513672,28,355.473633
1,63914102,63914155,63914325,63914354,494,417,355
0,-0.371582,29,355.407715
1,63914346,63913881,63914599,63914083,533,418,355
0,-0.387695,23,355.429688
1,63914109,63914109,63914371,63914306,538,419,355
0,-0.480469,23,355.495605
1,63913987,63914242,63914238,63914437,523,420,355
0,-0.213379,20,355.407715
1,63914136,63914097,63914383,63914288,513,421,355
0,-0.410156,28,355.429688
1,63914244,63913977,63914503,63914174,534,422,355
0,-0.287598,26,355.407715
1,63914286,63913954,63914526,63914144,504,423,355
0,-0.433594,25,355.451660
1,63914059,63914164,63914316,63914362,533,424,355
0,-0.259277,23,355.495605
1,63914004,63914218,63914262,63914421,540,425,355
0,-0.498047,32,355.385742
1,63914075,63914156,63914324,63914339,506,426,355
0,-0.432617,20,355.407715
1,63914107,63914112,63914368,63914311,539,427,355
0,-0.398438,24,355.495605
1,63914199,63914025,63914455,63914222,531,428,355
0,-0.222168,20,355.407715
1,63914219,63914021,63914459,63914203,494,429,355
0,-0.390625,19,355.407715
1,63913879,63914351,63914129,63914541,516,430,355
0,-0.498047,26,355.451660
1,63914266,63913965,63914515,63914146,504,431,355
0,-0.340332,18,355.385742
1,63914044,63914179,63914301,63914382,539,432,355
0,-0.311035,21,355.429688
1,63914107,63914116,63914364,63914313,532,433,355
0,-0.447266,17,355.363770
1,63914158,63914064,63914416,63914257,528,434,355
0,-0.197754,39,355.539551
1,63913906,63914322,63914158,63914518,525,435,355
0,-0.673828,15,355.385742
1,63914291,63913940,63914540,63914136,521,436,355
0,-0.154785,18,355.473633
1,63914352,63913879,63914601,63914070,516,437,355
0,-0.353027,19,355.473633
1,63914240,63913984,63914496,63914183,533,438,355
0,-0.357910,22,355.385742
