1,63913950,63914321,63915695,63916033,4054,0,358
0,-0.046875,36,358.417969
1,63914094,63914185,63915831,63915899,4047,1,358
0,0.062012,41,358.330078
1,63914328,63913932,63916084,63915643,4066,2,358
0,0.247559,29,358.439941
1,63914110,63914162,63915854,63915862,4039,3,358
0,0.328613,30,358.308105
1,63914383,63913880,63916136,63915590,4061,4,358
0,0.252441,20,358.352051
1,63914102,63914167,63915849,63915865,4040,5,358
0,0.235840,19,358.330078
1,63914350,63913925,63916091,63915636,4048,6,358
0,0.136230,37,358.395996
1,63914004,63914265,63915751,63915963,4040,7,358
0,0.298340,23,358.308105
1,63914329,63913939,63916077,63915650,4057,8,358
0,0.113770,28,358.417969
1,63914118,63914153,63915863,63915848,4034,9,358
0,0.209473,30,358.352051
1,63914321,63913954,63916062,63915656,4038,10,358
0,0.035156,31,358.352051
1,63914044,63914232,63915784,63915938,4041,11,358
0,-0.175293,33,358.286133
1,63914262,63914013,63916003,63915716,4039,12,358
0,0.401367,29,358.352051
1,63914086,63914179,63915837,63915891,4061,13,358
0,0.294434,26,358.374023
1,63914116,63914144,63915872,63915846,4056,14,358
0,0.200684,9,358.374023
1,63914180,63914090,63915926,63915786,4037,15,358
0,0.035156,27,358.352051
1,63914206,63914061,63915955,63915770,4056,16,358
0,0.132324,17,358.395996
1,63913995,63914289,63915727,63915979,4013,17,358
0,0.235840,28,358.439941
1,63913891,63914381,63915635,63916094,4054,18,358
0,0.354980,35,358.286133
1,63914137,63914124,63915892,63915834,4064,19,358
0,0.173340,30,358.417969
1,63913910,63914365,63915651,63916076,4048,20,358
0,0.069824,61,358.308105
1,63914198,63914071,63915945,63915776,4048,21,358
0,0.169434,17,358.374023
1,63913982,63914292,63915724,63915987,4031,22,358
0,0.073730,27,358.352051
1,63914216,63914052,63915964,63915760,4053,23,358
0,0.297363,36,358.330078
1,63914382,63914385,63916143,63916103,4080,24,358
0,-0.148926,30,358.308105
1,63914265,63914008,63916008,63915714,4045,25,358
0,0.352051,31,358.352051
1,63914021,63914255,63915761,63915967,4048,26,358
0,-0.042969,42,358.374023
1,63914244,63914030,63915986,63915724,4030,27,358
0,0.285645,13,358.374023
1,63913912,63914362,63915654,63916053,4026,28,358
0,0.212402,17,358.286133
1,63914361,63913914,63916102,63915617,4039,29,358
0,-0.069824,29,358.374023
1,63914310,63913954,63916062,63915657,4052,30,358
0,0.348145,18,358.417969
1,63914246,63914028,63915988,63915719,4026,31,358
0,0.400391,28,358.395996
1,63914098,63914179,63915837,63915891,4047,32,358
0,0.147949,37,358.395996
1,63914358,63913915,63916101,63915618,4041,33,358
0,0.107910,57,358.395996
1,63914120,63914147,63915869,63915843,4040,34,358
0,0.424805,17,358.330078
1,63913880,63913875,63915629,63915586,4058,35,358
0,0.046875,29,358.395996
1,63914168,63914106,63915910,63915805,4036,36,358
0,0.007812,27,358.330078
1,63913983,63914293,63915723,63915982,4021,37,358
0,0.255371,15,358.330078
1,63914242,63914034,63915982,63915727,4026,38,358
0,0.224121,30,358.330078
1,63914223,63914049,63915967,63915751,4041,39,358
0,0.336426,29,358.417969
1,63914208,63914058,63915958,63915770,4060,40,358
0,0.188965,23,358.417969
1,63914048,63914225,63915791,63915916,4027,41,358
0,0.359863,13,358.483887
1,63914026,63914242,63915774,63915955,4059,42,358
0,0.003906,37,358.395996
1,63914328,63913937,63916079,63915645,4057,43,358
0,-0.027344,31,358.417969
1,63914204,63914071,63915945,63915771,4036,44,358
0,0.337402,29,358.352051
1,63914071,63914195,63915821,63915902,4054,45,358
0,0.228027,25,358.374023
1,63913951,63914314,63915702,63916025,4060,46,358
0,0.132324,37,358.352051
1,63913980,63914297,63915719,63915988,4023,47,358
0,0.460938,42,358.286133
1,63913976,63914300,63915716,63916000,4034,48,358
0,0.085449,32,358.439941
1,63913950,63914318,63915698,63916018,4044,49,358
0,0.007812,23,358.286133
1,63913917,63914357,63915659,63916048,4026,50,358
0,0.239746,14,358.395996
1,63914218,63914052,63915964,63915766,4058,51,358
0,0.098145,37,358.417969
1,63914115,63914152,63915864,63915853,4046,52,358
0,0.397461,28,358.395996
1,63914153,63914116,63915900,63915822,4050,53,358
0,-0.045898,36,358.395996
1,63914164,63914109,63915907,63915806,4034,54,358
0,0.209473,25,358.330078
1,63914312,63913966,63916050,63915656,4020,55,358
0,0.322754,24,358.330078
1,63914182,63914089,63915927,63915780,4030,56,358
0,0.116699,15,358.330078
1,63913960,63914305,63915711,63916011,4054,57,358
0,0.405273,26,358.483887
1,63913939,63914330,63915686,63916034,4047,58,358
0,0.327637,34,358.417969
1,63913969,63914305,63915711,63916009,4041,59,358
0,0.204590,25,358.483887
1,63914038,63914239,63915777,63915926,4018,60,358
0,0.513672,38,358.439941
1,63914041,63914236,63915780,63915933,4030,61,358
0,0.309082,26,358.330078
1,63914040,63914236,63915780,63915930,4027,62,358
0,0.259277,18,358.330078
1,63914067,63914200,63915816,63915905,4051,63,358
0,0.368652,32,358.330078
1,63914201,63914055,63915961,63915767,4072,64,358
0,0.333496,32,358.352051
1,63914336,63913932,63916084,63915637,4050,65,358
0,0.245605,36,358.308105
1,63914037,63914239,63915777,63915935,4030,66,358
0,0.279785,26,358.417969
1,63913931,63914332,63915684,63916032,4050,67,358
0,0.317871,31,358.417969
1,63913921,63914350,63915666,63916041,4030,68,358
0,0.065918,27,358.374023
1,63913907,63914370,63915646,63916075,4039,69,358
0,0.111816,26,358.417969
1,63914102,63914173,63915843,63915876,4039,70,358
0,0.031250,30,358.439941
1,63914098,63914175,63915841,63915881,4045,71,358
0,0.366699,29,358.286133
1,63914227,63914047,63915969,63915751,4041,72,358
0,0.323730,29,358.461914
1,63914341,63913929,63916087,63915642,4057,73,358
0,0.362793,38,358.330078
1,63913974,63914299,63915717,63915988,4025,74,358
0,0.662109,29,358.352051
1,63913971,63914301,63915715,63916008,4047,75,358
0,0.400391,32,358.417969
1,63913990,63914289,63915727,63915978,4018,76,358
0,0.416992,29,358.439941
1,63914053,63914219,63915797,63915913,4032,77,358
0,0.085449,35,358.395996
1,63914004,63914253,63915763,63915968,4074,78,358
0,0.235840,25,358.439941
1,63914170,63914103,63915913,63915794,4027,79,358
0,0.011719,26,358.439941
1,63914339,63913924,63916092,63915631,4058,80,358
0,0.348145,29,358.352051
1,63913967,63914308,63915708,63916013,4041,81,358
0,0.171387,34,358.439941
1,63914221,63914055,63915961,63915756,4036,82,358
0,0.216309,26,358.417969
1,63914177,63914103,63915913,63915793,4018,83,358
0,0.247559,29,358.374023
1,63914149,63914116,63915900,63915824,4057,84,358
0,0.325684,33,358.417969
1,63914071,63914197,63915819,63915905,4053,85,358
0,0.320801,38,358.308105
1,63914066,63914196,63915820,63915902,4058,86,358
0,0.131348,24,358.417969
1,63914288,63913996,63916020,63915699,4029,87,358
0,0.077637,31,358.439941
1,63914225,63914045,63915971,63915746,4043,88,358
0,0.200684,25,358.308105
1,63914282,63913997,63916019,63915704,4039,89,358
0,0.194824,39,358.395996
1,63913879,63914385,63915631,63916096,4061,90,358
0,-0.011719,37,358.352051
1,63914015,63914249,63915767,63915958,4059,91,358
0,0.328613,31,358.505859
1,63914040,63914240,63915776,63915926,4013,92,358
0,0.201660,20,358.395996
1,63914059,63914221,63915795,63915912,4019,93,358
0,0.143066,33,358.308105
1,63914107,63914169,63915847,63915861,4025,94,358
0,0.181152,25,358.286133
1,63914062,63914203,63915813,63915908,4053,95,358
0,0.150879,27,358.395996
1,63914243,63914031,63915985,63915729,4034,96,358
0,0.435547,24,358.374023
1,63914037,63914231,63915785,63915935,4048,97,358
0,0.201660,23,358.374023
1,63914087,63914176,63915840,63915878,4052,98,358
0,0.451172,18,358.330078
1,63914058,63914207,63915809,63915908,4048,99,358
0,0.419922,23,358.439941
1,63914365,63913918,63916098,63915609,4016,100,358
0,0.432617,28,358.374023
1,63913886,63914376,63915640,63916094,4072,101,358
0,0.120605,42,358.395996
1,63913977,63914300,63915716,63915992,4024,102,358
0,0.204590,20,358.395996
1,63914009,63914267,63915749,63915973,4041,103,358
0,0.243652,23,358.461914
1,63914040,63914239,63915777,63915929,4019,104,358
0,0.546875,40,358.352051
1,63914384,63913886,63916130,63915583,4038,105,358
0,0.504883,35,358.374023
1,63913967,63914320,63915696,63916017,4018,106,358
0,0.123535,28,358.352051
1,63913960,63914310,63915706,63916019,4052,107,358
0,0.116699,33,358.374023
1,63914147,63914113,63915903,63915827,4070,108,358
0,0.100098,33,358.395996
1,63914294,63913979,63916037,63915675,4033,109,358
0,0.174316,27,358.439941
1,63914217,63914046,63915970,63915752,4057,110,358
0,0.201660,27,358.286133
1,63913965,63914307,63915709,63916004,4036,111,358
0,0.397461,21,358.417969
1,63914297,63913979,63916037,63915674,4029,112,358
0,0.093262,26,358.330078
1,63914241,63914038,63915978,63915721,4011,113,358
0,0.484375,27,358.352051
1,63913937,63914328,63915688,63916030,4050,114,358
0,0.309082,23,358.374023
1,63914141,63914117,63915899,63915828,4068,115,358
0,0.467773,33,358.352051
1,63914174,63914102,63915914,63915788,4018,116,358
0,0.218262,19,358.395996
1,63913916,63914360,63915656,63916048,4020,117,358
0,0.192871,21,358.352051
1,63914342,63913922,63916094,63915629,4057,118,358
0,0.337402,34,358.417969
1,63913946,63914327,63915689,63916026,4037,119,358
0,0.239746,20,358.374023
1,63914088,63914181,63915835,63915877,4038,120,358
0,0.602539,33,358.395996
1,63914241,63914038,63915978,63915721,4011,121,358
0,0.484375,26,358.439941
1,63914367,63913902,63916114,63915590,4029,122,358
0,0.401367,26,358.352051
1,63913911,63914361,63915655,63916051,4027,123,358
0,0.281738,21,358.330078
1,63914229,63914047,63915969,63915743,4030,124,358
0,0.030273,23,358.374023
1,63913964,63914306,63915710,63916009,4045,125,358
0,-0.019531,28,358.395996
1,63914201,63914068,63915948,63915771,4046,126,358
0,0.328613,34,358.352051
1,63914173,63914100,63915916,63915797,4034,127,358
0,0.181152,27,358.395996
1,63914236,63914042,63915974,63915735,4024,128,358
0,0.197754,23,358.352051
1,63913991,63914282,63915734,63915975,4030,129,358
0,0.023438,32,358.417969
1,63914164,63914110,63915906,63915800,4025,130,358
0,0.483398,19,358.417969
1,63913898,63914376,63915640,63916071,4031,131,358
0,0.392578,28,358.330078
1,63914383,63913885,63916131,63915584,4043,132,358
0,0.366699,32,358.308105
1,63914098,63914176,63915840,63915869,4029,133,358
0,0.729492,36,358.374023
1,63914329,63913930,63916086,63915640,4066,134,358
0,-0.035156,39,358.330078
1,63914092,63914178,63915838,63915885,4050,135,358
0,0.003906,38,358.483887
1,63914051,63914217,63915799,63915912,4038,136,358
0,0.451172,29,358.439941
1,63914275,63913993,63916023,63915696,4047,137,358
0,0.225098,37,358.417969
1,63913982,63914298,63915718,63915978,4006,138,358
0,0.178223,15,358.352051
1,63914162,63914112,63915904,63915818,4044,139,358
0,0.436523,34,358.417969
1,63914328,63913936,63916080,63915639,4052,140,358
0,0.155762,35,358.308105
1,63914165,63914106,63915910,63915797,4030,141,358
0,0.245605,28,358.439941
1,63914368,63913896,63916120,63915594,4046,142,358
0,0.515625,26,358.395996
1,63914297,63913976,63916040,63915670,4031,143,358
0,0.413086,26,358.308105
1,63914296,63913976,63916040,63915667,4029,144,358
0,0.572266,26,358.395996
1,63914253,63914009,63916007,63915714,4057,145,358
0,0.374512,33,358.439941
1,63914151,63914118,63915898,63915821,4046,146,358
0,0.368652,33,358.417969
1,63913939,63914316,63915700,63916031,4077,147,358
0,0.035156,31,358.395996
1,63914217,63914050,63915966,63915756,4052,148,358
0,0.375488,31,358.330078
1,63914052,63914203,63915813,63915906,4063,149,358
0,0.540039,26,358.330078
1,63914366,63913911,63916105,63915597,4017,150,358
0,0.466797,29,358.374023
1,63914349,63913932,63916084,63915634,4031,151,358
0,0.243652,36,358.417969
1,63913921,63914350,63915666,63916037,4025,152,358
0,0.564453,31,358.286133
1,63914088,63914178,63915838,63915882,4051,153,358
0,0.320801,33,358.374023
1,63913986,63914292,63915724,63915979,4017,154,358
0,0.389648,27,358.330078
1,63914295,63913982,63916034,63915674,4024,155,358
0,0.237793,33,358.330078
1,63914048,63914229,63915787,63915910,4011,156,358
0,0.287598,27,358.352051
1,63914163,63914106,63915910,63915802,4038,157,358
0,0.081543,30,358.439941
1,63914174,63914099,63915917,63915789,4026,158,358
0,0.404297,30,358.417969
1,63914251,63914014,63916002,63915712,4045,159,358
0,0.441406,37,358.352051
1,63913965,63914303,63915713,63915987,4025,160,358
0,0.662109,37,358.439941
1,63914305,63913945,63916071,63915651,4072,161,358
0,0.371582,36,358.286133
1,63914265,63914004,63916012,63915706,4045,162,358
0,0.389648,36,358.286133
1,63914365,63913901,63916115,63915593,4037,163,358
0,0.301270,23,358.395996
1,63914345,63913931,63916085,63915632,4036,164,358
0,0.414062,36,358.395996
1,63914241,63914028,63915988,63915724,4038,165,358
0,0.080566,32,358.330078
1,63913911,63914361,63915655,63916050,4026,166,358
0,0.427734,25,358.417969
1,63914368,63913883,63916133,63915584,4065,167,358
0,0.231934,13,358.417969
1,63913940,63914315,63915701,63916030,4077,168,358
0,-0.023438,41,358.395996
1,63913997,63914272,63915744,63915969,4039,169,358
0,0.314941,32,358.395996
1,63914167,63914103,63915913,63915790,4026,170,358
0,0.558594,23,358.417969
1,63913936,63914333,63915683,63916031,4040,171,358
0,0.301270,30,358.417969
1,63914239,63914039,63915977,63915726,4017,172,358
0,0.544922,27,358.352051
1,63914208,63914057,63915959,63915762,4053,173,358
0,-0.119629,34,358.374023
1,63914252,63914025,63915991,63915715,4021,174,358
0,0.320801,32,358.374023
1,63914299,63913978,63916038,63915661,4013,175,358
0,0.532227,19,358.374023
1,63914264,63914001,63916015,63915704,4051,176,358
0,0.064941,37,358.395996
1,63914345,63913921,63916095,63915629,4056,177,358
0,-0.107910,37,358.374023
1,63914285,63913985,63916031,63915684,4040,178,358
0,0.397461,32,358.308105
1,63914231,63914045,63915971,63915740,4029,179,358
0,0.116699,55,358.439941
1,63914040,63914236,63915780,63915926,4023,180,358
0,0.404297,25,358.308105
1,63913988,63914282,63915734,63915971,4029,181,358
0,0.327637,28,358.308105
1,63914113,63914162,63915854,63915848,4019,182,358
0,0.247559,28,358.374023
1,63914092,63914175,63915841,63915870,4039,183,358
0,0.444336,26,358.395996
1,63914229,63914045,63915971,63915732,4021,184,358
0,0.659180,48,358.374023
1,63914134,63914124,63915892,63915828,4060,185,358
0,0.504883,34,358.374023
1,63914092,63914177,63915839,63915877,4043,186,358
0,0.281738,31,358.374023
1,63913907,63914363,63915653,63916053,4030,187,358
0,0.196777,23,358.352051
1,63914331,63913937,63916079,63915638,4045,188,358
0,0.293457,37,358.417969
1,63914164,63914107,63915909,63915807,4040,189,358
0,-0.069824,56,358.417969
1,63914114,63914151,63915865,63915838,4032,190,358
0,0.154785,9,358.286133
1,63914267,63914006,63916010,63915701,4032,191,358
0,0.293457,34,358.330078
1,63914044,63914228,63915788,63915913,4021,192,358
0,0.124512,28,358.461914
1,63914251,63914020,63915996,63915715,4034,193,358
0,0.173340,38,358.330078
1,63914304,63913976,63916040,63915658,4009,194,358
0,0.431641,27,358.395996
1,63914235,63914047,63915969,63915731,4009,195,358
0,0.114746,32,358.395996
1,63914379,63913888,63916128,63915583,4039,196,358
0,0.081543,41,358.286133
1,63914215,63914059,63915957,63915765,4044,197,358
0,-0.081543,40,358.439941
1,63914168,63914105,63915911,63915787,4017,198,358
0,0.498047,27,358.439941
1,63914253,63914007,63916009,63915714,4061,199,358
0,0.120605,27,358.352051
1,63914354,63913922,63916094,63915619,4031,200,358
0,0.297363,51,358.417969
1,63914054,63914219,63915797,63915909,4026,201,358
0,0.336426,32,358.286133
1,63914283,63913995,63916021,63915673,4006,202,358
0,0.527344,40,358.417969
1,63914261,63914005,63916011,63915700,4040,203,358
0,0.220215,35,358.308105
1,63914351,63913916,63916100,63915613,4041,204,358
0,0.097168,50,358.330078
1,63914184,63914090,63915926,63915781,4026,205,358
0,0.104980,36,358.352051
1,63914366,63913898,63916118,63915596,4046,206,358
0,-0.042969,32,358.395996
1,63914094,63914181,63915835,63915881,4036,207,358
0,0.289551,34,358.374023
1,63913976,63914299,63915717,63915990,4025,208,358
0,0.388672,20,358.352051
1,63914112,63914159,63915857,63915844,4023,209,358
0,0.475586,30,358.395996
1,63914215,63914052,63915964,63915752,4045,210,358
0,0.188965,31,358.374023
1,63914321,63913951,63916065,63915643,4030,211,358
0,0.359863,40,358.308105
1,63913957,63914313,63915703,63916006,4033,212,358
0,0.677734,44,358.417969
1,63914377,63913890,63916126,63915582,4036,213,358
0,0.224121,25,358.352051
1,63914366,63913899,63916117,63915593,4040,214,358
0,0.539062,26,358.352051
1,63913927,63914331,63915685,63916032,4057,215,358
0,0.224121,27,358.417969
1,63914088,63914179,63915837,63915887,4054,216,358
0,0.462891,38,358.439941
1,63914027,63914243,63915773,63915940,4038,217,358
0,0.455078,31,358.395996
1,63914039,63914234,63915782,63915922,4024,218,358
0,0.228027,23,358.374023
1,63914071,63914196,63915820,63915894,4043,219,358
0,0.352051,35,358.417969
1,63914040,63914233,63915783,63915919,4021,220,358
0,0.620117,29,358.352051
1,63914180,63914084,63915932,63915774,4037,221,358
0,0.306152,25,358.395996
1,63913916,63914347,63915669,63916042,4044,222,358
0,0.000000,28,358.417969
1,63913977,63914299,63915717,63915984,4017,223,358
0,0.255371,26,358.417969
1,63914165,63914106,63915910,63915796,4029,224,358
0,0.351074,23,358.308105
1,63914240,63914036,63915980,63915718,4013,225,358
0,0.326660,32,358.374023
1,63913924,63914337,63915679,63916034,4048,226,358
0,0.281738,27,358.330078
1,63914239,63914035,63915981,63915719,4018,227,358
0,0.424805,32,358.395996
1,63914174,63914086,63915930,63915784,4051,228,358
0,0.341309,29,358.374023
1,63914352,63913920,63916096,63915604,4020,229,358
0,0.655273,43,358.374023
1,63913885,63914383,63915633,63916089,4051,230,358
0,-0.045898,39,358.308105
1,63914107,63914163,63915853,63915852,4029,231,358
0,0.536133,28,358.395996
1,63914149,63914119,63915897,63915815,4039,232,358
0,0.188965,29,358.352051
1,63914302,63913977,63916039,63915659,4010,233,358
0,0.285645,26,358.417969
1,63913894,63914370,63915646,63916055,4031,234,358
0,0.767578,29,358.417969
1,63913958,63914307,63915709,63916016,4058,235,358
0,0.423828,34,358.461914
1,63914083,63914179,63915837,63915885,4058,236,358
0,0.423828,35,358.417969
1,63914262,63914004,63916012,63915705,4047,237,358
0,0.336426,38,358.395996
1,63914314,63913939,63916077,63915651,4075,238,358
0,0.249512,32,358.330078
1,63914267,63914004,63916012,63915702,4038,239,358
0,0.182129,37,358.330078
1,63913932,63914328,63915688,63916032,4058,240,358
0,0.189941,33,358.330078
1,63914087,63914176,63915840,63915873,4046,241,358
0,0.336426,28,358.374023
1,63914323,63913951,63916065,63915645,4030,242,358
0,0.247559,42,358.395996
1,63914321,63913946,63916070,63915642,4040,243,358
0,0.141113,30,358.461914
1,63914300,63913977,63916039,63915663,4017,244,358
0,0.253418,26,358.330078
1,63914037,63914237,63915779,63915936,4036,245,358
0,0.193848,50,358.374023
1,63914164,63914104,63915912,63915800,4039,246,358
0,0.439453,24,358.461914
1,63914269,63914001,63916015,63915697,4037,247,358
0,0.196777,35,358.461914
1,63914368,63913898,63916118,63915586,4032,248,358
0,0.367676,35,358.330078
1,63914334,63913933,63916083,63915642,4056,249,358
0,0.030273,40,358.352051
1,63914262,63913996,63916020,63915708,4070,250,358
0,0.226074,32,358.417969
1,63914179,63914076,63915940,63915782,4066,251,358
0,0.235840,31,358.417969
1,63913914,63914359,63915657,63916040,4016,252,358
0,0.316895,29,358.374023
1,63914182,63914088,63915928,63915776,4027,253,358
0,0.077637,19,358.330078
1,63913942,63914323,63915693,63916028,4053,254,358
0,0.046875,39,358.330078
1,63914229,63914044,63915972,63915732,4024,255,358
0,0.507812,27,358.439941
1,63914086,63914177,63915839,63915880,4053,256,358
0,0.317871,32,358.417969
1,63913924,63914346,63915670,63916036,4030,257,358
0,0.179199,39,358.286133
1,63914300,63913974,63916042,63915656,4016,258,358
0,0.144043,23,358.352051
1,63914375,63913878,63916138,63915580,4064,259,358
0,0.171387,35,358.417969
1,63913932,63914338,63915678,63916028,4030,260,358
0,0.251465,29,358.286133
1,63914177,63914088,63915928,63915778,4036,261,358
0,0.367676,26,358.308105
1,63914247,63914017,63915999,63915717,4048,262,358
0,0.336426,30,358.417969
1,63913979,63914296,63915720,63915988,4026,263,358
0,0.255371,23,358.308105
1,63913879,63913877,63915627,63915575,4041,264,358
0,0.154785,38,358.439941
1,63914381,63913885,63916131,63915584,4045,265,358
0,-0.123535,42,358.308105
1,63913930,63914327,63915689,63916032,4063,266,358
0,0.119629,27,358.417969
1,63913972,63914305,63915711,63915997,4024,267,358
0,0.470703,31,358.374023
1,63914099,63914173,63915843,63915873,4039,268,358
0,-0.061035,55,358.286133
1,63913972,63914300,63915716,63915987,4024,269,358
0,0.460938,32,358.352051
1,63914158,63914110,63915906,63915810,4044,270,358
0,0.340332,30,358.417969
1,63914344,63913926,63916090,63915637,4054,271,358
0,0.301270,36,358.286133
1,63914369,63913889,63916127,63915589,4056,272,358
0,0.124512,25,358.330078
1,63914017,63914251,63915765,63915947,4039,273,358
0,0.189941,32,358.330078
1,63914206,63914057,63915959,63915753,4045,274,358
0,0.196777,25,358.330078
1,63914253,63914017,63915999,63915711,4034,275,358
0,0.432617,32,358.395996
1,63913874,63914383,63915633,63916089,4064,276,358
0,0.196777,36,358.374023
1,63914109,63914147,63915869,63915849,4060,277,358
0,0.389648,29,358.439941
1,63914294,63913979,63916037,63915664,4020,278,358
0,0.135254,29,358.417969
1,63913964,63914307,63915709,63916004,4037,279,358
0,0.243652,23,358.352051
1,63914328,63913939,63916077,63915639,4045,280,358
0,0.386719,37,358.374023
1,63914185,63914086,63915930,63915771,4023,281,358
0,0.297363,22,358.374023
1,63914177,63914087,63915929,63915778,4038,282,358
0,0.362793,33,358.352051
1,63914230,63914045,63915971,63915732,4020,283,358
0,0.200684,26,358.374023
1,63913993,63914268,63915748,63915971,4056,284,358
0,0.263184,30,358.330078
1,63913901,63914366,63915650,63916067,4046,285,358
0,0.073730,28,358.352051
1,63914193,63914070,63915946,63915769,4048,286,358
0,0.264160,30,358.352051
1,63914357,63913916,63916100,63915603,4023,287,358
0,0.264160,28,358.395996
1,63914055,63914210,63915806,63915905,4041,288,358
0,0.212402,38,358.483887
1,63913912,63914358,63915658,63916044,4025,289,358
0,0.471680,23,358.352051
1,63914282,63913990,63916026,63915691,4040,290,358
0,0.371582,34,358.286133
1,63914041,63914236,63915780,63915919,4013,291,358
0,0.305176,28,358.395996
1,63914215,63914050,63915966,63915750,4047,292,358
0,0.341309,29,358.308105
1,63914126,63914132,63915884,63915834,4058,293,358
0,0.328613,37,358.308105
1,63914121,63914133,63915883,63915838,4066,294,358
0,0.073730,32,358.374023
1,63914205,63914052,63915964,63915757,4063,295,358
0,0.443359,33,358.352051
1,63913887,63914381,63915635,63916082,4045,296,358
0,0.247559,38,358.330078
1,63914141,63914127,63915889,63915827,4044,297,358
0,0.074707,26,358.352051
1,63914364,63913912,63916104,63915595,4014,298,358
0,0.255371,23,358.330078
1,63914332,63913930,63916086,63915636,4058,299,358
0,0.144043,37,358.417969
1,63914024,63914242,63915774,63915941,4045,300,358
0,0.243652,32,358.374023
1,63914347,63913922,63916094,63915623,4044,301,358
0,0.080566,36,358.330078
1,63914145,63914123,63915893,63915826,4047,302,358
0,0.348145,40,358.264160
1,63914092,63914175,63915841,63915864,4032,303,358
0,0.353027,47,358.286133
1,63913985,63914274,63915742,63915973,4053,304,358
0,0.463867,34,358.439941
1,63913939,63914330,63915686,63916022,4033,305,358
0,0.450195,32,358.395996
1,63913910,63914359,63915657,63916044,4025,306,358
0,0.694336,49,358.374023
1,63913904,63914366,63915650,63916057,4031,307,358
0,0.316895,26,358.417969
1,63914264,63914009,63916007,63915709,4038,308,358
0,0.146973,42,358.417969
1,63914075,63914187,63915829,63915891,4056,309,358
0,0.451172,38,358.417969
1,63914261,63914004,63916012,63915710,4054,310,358
0,-0.085449,43,358.308105
1,63914050,63914223,63915793,63915910,4023,311,358
0,0.073730,23,358.286133
1,63914333,63913931,63916085,63915633,4051,312,358
0,0.413086,34,358.352051
1,63913917,63914335,63915681,63916033,4060,313,358
0,0.235840,18,358.330078
1,63914234,63914044,63915972,63915727,4012,314,358
0,0.414062,28,358.374023
1,63913974,63914301,63915715,63915987,4019,315,358
0,0.401367,28,358.374023
1,63914048,63914217,63915799,63915907,4036,316,358
0,0.327637,29,358.439941
1,63913916,63914347,63915669,63916038,4039,317,358
0,-0.116699,28,358.417969
1,63914304,63913950,63916066,63915649,4059,318,358
0,0.409180,35,358.395996
1,63914270,63913995,63916021,63915690,4041,319,358
0,0.267090,34,358.352051
1,63914065,63914198,63915818,63915902,4054,320,358
0,0.173340,42,358.374023
1,63914287,63913985,63916031,63915674,4026,321,358
0,0.267090,27,358.308105
1,63913883,63914384,63915632,63916081,4041,322,358
0,0.237793,38,358.374023
1,63914335,63913926,63916090,63915624,4050,323,358
0,0.255371,28,358.439941
1,63914242,63914017,63915999,63915714,4051,324,358
0,0.173340,37,358.439941
1,63914144,63914113,63915903,63915819,4064,325,358
0,0.147949,36,358.374023
1,63914038,63914237,63915779,63915929,4026,326,358
0,0.285645,27,358.330078
1,63913976,63914299,63915717,63915985,4019,327,358
0,0.204590,19,358.374023
1,63913979,63914297,63915719,63915984,4019,328,358
0,0.570312,29,358.330078
1,63914259,63914009,63916007,63915708,4043,329,358
0,-0.003906,33,358.395996
1,63913983,63914294,63915722,63915977,4013,330,358
0,0.312988,31,358.286133
1,63914127,63914127,63915889,63915831,4065,331,358
0,0.089355,39,358.439941
1,63914003,63914277,63915739,63915962,4012,332,358
0,0.321777,36,358.395996
1,63914145,63914113,63915903,63915809,4051,333,358
0,0.023438,52,358.395996
1,63914301,63913974,63916042,63915660,4019,334,358
0,0.081543,39,358.374023
1,63914174,63914095,63915921,63915779,4024,335,358
0,0.312012,23,358.352051
1,63914124,63914138,63915878,63915837,4050,336,358
0,0.459961,40,358.374023
1,63913985,63914289,63915727,63915978,4024,337,358
0,0.206543,36,358.374023
1,63914362,63913891,63916125,63915593,4064,338,358
0,0.003906,35,358.330078
1,63914212,63914058,63915958,63915758,4041,339,358
0,0.124512,33,358.330078
1,63913948,63914310,63915706,63915999,4043,340,358
0,0.340332,48,358.395996
1,63914147,63914112,63915904,63915814,4057,341,358
0,0.243652,30,358.352051
1,63913961,63914300,63915716,63915991,4041,342,358
0,0.244629,49,358.352051
1,63913997,63914268,63915748,63915964,4043,343,358
0,0.204590,38,358.483887
1,63914159,63914107,63915909,63915796,4033,344,358
0,0.208496,27,358.374023
1,63913882,63914376,63915640,63916063,4040,345,358
0,0.409180,47,358.308105
1,63913993,63914281,63915735,63915975,4030,346,358
0,0.155762,32,358.395996
1,63913976,63914298,63915718,63915983,4019,347,358
0,0.424805,29,358.374023
1,63914226,63914047,63915969,63915738,4027,348,358
0,-0.039062,25,358.352051
1,63914211,63914052,63915964,63915755,4053,349,358
0,0.031250,35,358.395996
1,63914009,63914253,63915763,63915953,4051,350,358
0,0.132324,32,358.374023
1,63914320,63913943,63916073,63915645,4052,351,358
0,0.031250,42,358.352051
1,63914330,63913930,63916086,63915617,4038,352,358
0,0.616211,47,358.374023
1,63913886,63914376,63915640,63916071,4045,353,358
0,0.371582,33,358.330078
1,63913935,63914317,63915699,63916020,4066,354,358
0,0.455078,36,358.374023
1,63913965,63914304,63915712,63915993,4030,355,358
0,0.413086,50,358.374023
1,63914035,63914234,63915782,63915921,4027,356,358
0,-0.015625,26,358.461914
1,63914198,63914065,63915951,63915760,4044,357,358
0,0.085449,37,358.352051
1,63914046,63914229,63915787,63915910,4013,358,358
0,0.393555,33,358.417969
1,63914036,63914230,63915786,63915919,4033,359,358
0,0.416016,28,358.374023
