1,63914070,63914315,63915189,63915384,2566,0,358
0,0.136230,27,358.374023
1,63914378,63914030,63915474,63915071,2506,1,358
0,-0.364746,31,358.352051
1,63914299,63914111,63915393,63915160,2513,2,358
0,-0.121582,25,358.352051
1,63914234,63914172,63915332,63915218,2514,3,358
0,0.104980,15,358.330078
1,63913904,63913986,63915006,63915026,2512,4,358
0,0.015625,14,358.417969
1,63914099,63914303,63915201,63915345,2514,5,358
0,-0.078613,18,358.308105
1,63914118,63914284,63915220,63915318,2505,6,358
0,0.035156,29,358.374023
1,63913909,63913980,63915012,63915029,2524,7,358
0,-0.011719,22,358.308105
1,63914057,63914340,63915164,63915386,2525,8,358
0,-0.084473,15,358.461914
1,63914376,63914032,63915472,63915066,2498,9,358
0,0.263184,20,358.308105
1,63914048,63914360,63915144,63915402,2507,10,358
0,0.076660,17,358.417969
1,63914375,63914025,63915479,63915069,2519,11,358
0,-0.003906,21,358.374023
1,63913913,63913991,63915001,63915028,2492,12,358
0,-0.069824,19,358.439941
1,63914046,63914350,63915154,63915396,2526,13,358
0,-0.132324,13,358.286133
1,63914231,63914183,63915321,63915233,2510,14,358
0,0.231934,25,358.395996
1,63914363,63914034,63915470,63915086,2532,15,358
0,0.185059,19,358.330078
1,63914131,63914274,63915230,63915314,2508,16,358
0,0.136230,17,358.330078
1,63913981,63913919,63915073,63914954,2494,17,358
0,-0.092285,16,358.330078
1,63914214,63914177,63915327,63915229,2539,18,358
0,0.003906,18,358.395996
1,63913950,63913924,63915068,63914991,2562,19,358
0,0.104980,30,358.352051
1,63914384,63914013,63915491,63915063,2530,20,358
0,-0.023438,26,358.395996
1,63913967,63913922,63915070,63914965,2517,21,358
0,0.104980,13,358.352051
1,63914175,63914226,63915278,63915274,2522,22,358
0,-0.107910,19,358.461914
1,63914053,63914354,63915150,63915395,2507,23,358
0,0.196777,20,358.374023
1,63914347,63914048,63915456,63915097,2531,24,358
0,0.093262,17,358.439941
1,63913909,63913994,63914998,63915021,2481,25,358
0,0.096191,11,358.286133
1,63914111,63914296,63915208,63915331,2500,26,358
0,-0.035156,15,358.330078
1,63913980,63913919,63915073,63914968,2512,27,358
0,0.204590,19,358.330078
1,63914153,63914246,63915258,63915291,2521,28,358
0,0.093262,18,358.330078
1,63913912,63913985,63915007,63915024,2503,29,358
0,0.293457,17,358.330078
1,63914059,63914326,63915178,63915392,2562,30,358
0,-0.283691,23,358.286133
1,63914335,63914075,63915429,63915115,2503,31,358
0,0.181152,19,358.352051
1,63914106,63914302,63915202,63915345,2508,32,358
0,-0.043945,17,358.286133
1,63914298,63914110,63915394,63915151,2506,33,358
0,-0.204590,16,358.439941
1,63913990,63913908,63915084,63914946,2500,34,358
0,-0.039062,21,358.286133
1,63914151,63914248,63915256,63915301,2531,35,358
0,-0.064941,20,358.330078
1,63913982,63913916,63915076,63914949,2494,36,358
0,0.062012,7,358.395996
1,63914035,63914366,63915138,63915420,2530,37,358
0,0.289551,16,358.417969
1,63913899,63913999,63914993,63915052,2518,38,358
0,-0.084473,30,358.374023
1,63913996,63913880,63915112,63914938,2549,39,358
0,0.196777,26,358.417969
1,63914361,63914048,63915456,63915083,2498,40,358
0,0.140137,11,358.352051
1,63914328,63914061,63915443,63915123,2553,41,358
0,0.297363,31,358.242188
1,63914177,63914227,63915277,63915271,2514,42,358
0,0.128418,23,358.417969
1,63914299,63914107,63915397,63915152,2513,43,358
0,0.247559,15,358.439941
1,63914104,63914294,63915210,63915350,2535,44,358
0,-0.132324,22,358.374023
1,63914329,63914081,63915423,63915122,2504,45,358
0,0.007812,22,358.308105
1,63914187,63914202,63915302,63915263,2552,46,358
0,-0.131348,23,358.374023
1,63914363,63914045,63915459,63915081,2500,47,358
0,0.046875,11,358.330078
1,63914045,63914343,63915161,63915396,2544,48,358
0,0.150879,20,358.374023
1,63913941,63913954,63915038,63915006,2520,49,358
0,0.131348,29,358.330078
1,63914271,63914122,63915382,63915189,2554,50,358
0,0.196777,28,358.308105
1,63913993,63913907,63915085,63914950,2504,51,358
0,0.069824,20,358.395996
1,63914184,63914223,63915281,63915261,2504,52,358
0,-0.116699,20,358.439941
1,63913981,63913909,63915083,63914951,2514,53,358
0,0.174316,18,358.374023
1,63914279,63914134,63915370,63915184,2511,54,358
0,0.116699,30,358.352051
1,63914101,63914297,63915207,63915349,2531,55,358
0,0.032227,22,358.330078
1,63914262,63914150,63915354,63915191,2501,56,358
0,0.175293,23,358.374023
1,63914159,63914238,63915266,63915285,2526,57,358
0,-0.177246,19,358.352051
1,63914106,63914299,63915205,63915338,2507,58,358
0,-0.150879,13,358.439941
1,63914153,63914250,63915254,63915291,2512,59,358
0,-0.147949,17,358.330078
1,63913944,63913954,63915038,63914991,2499,60,358
0,0.201660,16,358.374023
1,63914276,63914118,63915386,63915173,2539,61,358
0,-0.132324,23,358.352051
1,63914349,63914053,63915451,63915092,2511,62,358
0,0.010742,12,358.374023
1,63914238,63914172,63915332,63915212,2503,63,358
0,0.027344,23,358.330078
1,63913980,63913907,63915085,63914949,2518,64,358
0,0.144043,13,358.395996
1,63914276,63914123,63915381,63915184,2540,65,358
0,0.031250,31,358.330078
1,63913952,63913937,63915055,63914995,2534,66,358
0,-0.108887,33,358.417969
1,63914175,63914227,63915277,63915263,2507,67,358
0,0.097168,16,358.286133
1,63913983,63913913,63915079,63914957,2510,68,358
0,0.174316,18,358.330078
1,63914124,63914257,63915247,63915319,2562,69,358
0,-0.003906,31,358.417969
1,63914189,63914209,63915295,63915260,2530,70,358
0,0.155762,24,358.374023
1,63914357,63914053,63915451,63915086,2494,71,358
0,-0.039062,6,358.395996
1,63914320,63914078,63915426,63915136,2538,72,358
0,-0.041992,29,358.352051
1,63913994,63913891,63915101,63914940,2528,73,358
0,0.237793,14,358.330078
1,63914009,63913883,63915109,63914927,2514,74,358
0,0.007812,29,358.417969
1,63914282,63914130,63915374,63915177,2508,75,358
0,0.151855,29,358.352051
1,63914047,63914344,63915160,63915392,2534,76,358
0,-0.088379,24,358.374023
1,63914368,63914035,63915469,63915075,2511,77,358
0,0.097168,20,358.374023
1,63914032,63914367,63915137,63915418,2528,78,358
0,-0.039062,21,358.330078
1,63914322,63914073,63915431,63915128,2538,79,358
0,-0.062012,24,358.374023
1,63914072,63914315,63915189,63915379,2558,80,358
0,-0.046875,32,358.330078
1,63914381,63914030,63915474,63915065,2496,81,358
0,0.197754,22,358.242188
1,63914081,63914309,63915195,63915373,2554,82,358
0,0.031250,29,358.352051
1,63913882,63914017,63914975,63915034,2474,83,358
0,0.112793,6,358.286133
1,63914108,63914293,63915211,63915331,2511,84,358
0,0.150879,14,358.439941
1,63914047,63914359,63915145,63915404,2513,85,358
0,-0.039062,21,358.308105
1,63914177,63914234,63915270,63915270,2497,86,358
0,-0.210449,19,358.374023
1,63913994,63913902,63915090,63914945,2508,87,358
0,-0.015625,28,358.330078
1,63914297,63914100,63915404,63915150,2530,88,358
0,-0.112793,24,358.330078
1,63914174,63914230,63915274,63915270,2510,89,358
0,-0.111816,17,358.308105
1,63913931,63913971,63915021,63915001,2486,90,358
0,0.023438,19,358.395996
1,63914240,63914162,63915342,63915207,2518,91,358
0,-0.224121,21,358.395996
1,63914042,63914357,63915147,63915404,2524,92,358
0,0.123535,16,358.439941
1,63913923,63913975,63915017,63915013,2500,93,358
0,-0.062012,19,358.395996
1,63914271,63914124,63915380,63915186,2546,94,358
0,-0.111816,26,358.417969
1,63913941,63913927,63915065,63914987,2561,95,358
0,-0.034180,24,358.352051
1,63914214,63914197,63915307,63915246,2512,96,358
0,-0.127441,31,358.395996
1,63914133,63914250,63915254,63915308,2555,97,358
0,0.019531,31,358.439941
1,63914334,63914049,63915455,63915109,2558,98,358
0,0.062012,26,358.374023
1,63914123,63914271,63915233,63915324,2537,99,358
0,-0.188965,35,358.308105
1,63914108,63914301,63915203,63915338,2500,100,358
0,0.351074,18,358.461914
1,63913897,63914005,63914987,63915047,2500,101,358
0,0.135254,26,358.330078
1,63914314,63914076,63915428,63915135,2548,102,358
0,-0.170410,24,358.286133
1,63913939,63913956,63915036,63914996,2506,103,358
0,0.065918,26,358.439941
1,63914300,63914105,63915399,63915151,2515,104,358
0,-0.039062,14,358.352051
1,63913911,63913990,63915002,63915025,2493,105,358
0,0.081543,33,358.439941
1,63914224,63914181,63915323,63915218,2505,106,358
0,-0.104980,10,358.308105
1,63914345,63914056,63915448,63915117,2538,107,358
0,-0.039062,32,358.286133
1,63914028,63914380,63915124,63915429,2515,108,358
0,0.188965,26,358.286133
1,63914355,63914048,63915456,63915104,2530,109,358
0,0.173340,27,358.286133
1,63913918,63913978,63915014,63915012,2498,110,358
0,0.151855,18,358.374023
1,63914040,63914366,63915138,63915412,2514,111,358
0,-0.039062,20,358.374023
1,63914352,63914044,63915460,63915102,2540,112,358
0,-0.081543,26,358.352051
1,63914125,63914269,63915235,63915319,2533,113,358
0,0.015625,25,358.308105
1,63914271,63914137,63915367,63915189,2519,114,358
0,0.129395,29,358.330078
1,63914160,63914241,63915263,63915280,2512,115,358
0,0.065918,10,358.461914
1,63914355,63914050,63915454,63915103,2524,116,358
0,-0.235840,24,358.352051
1,63913940,63913960,63915032,63914999,2499,117,358
0,0.243652,30,358.352051
1,63914301,63914104,63915400,63915146,2511,118,358
0,0.112793,21,358.308105
1,63913880,63914009,63914983,63915065,2532,119,358
0,-0.031250,32,358.308105
1,63913981,63913918,63915074,63914964,2508,120,358
0,-0.140137,22,358.352051
1,63913929,63913964,63915028,63914999,2503,121,358
0,0.144043,17,358.374023
1,63914193,63914212,63915292,63915254,2511,122,358
0,0.062012,18,358.330078
1,63914057,63914342,63915162,63915394,2530,123,358
0,-0.081543,19,358.330078
1,63914167,63914238,63915266,63915275,2505,124,358
0,0.251465,16,358.374023
1,63913904,63913984,63915008,63915023,2513,125,358
0,0.015625,45,358.330078
1,63914219,63914182,63915322,63915242,2537,126,358
0,0.189941,31,358.308105
1,63914033,63914369,63915135,63915428,2534,127,358
0,-0.186035,28,358.330078
1,63914327,63914085,63915419,63915130,2506,128,358
0,0.097168,29,358.395996
1,63914294,63914111,63915393,63915147,2504,129,358
0,-0.137207,9,358.352051
1,63914179,63914217,63915287,63915259,2521,130,358
0,0.077637,15,358.308105
1,63914051,63914355,63915149,63915395,2507,131,358
0,-0.132324,21,358.330078
1,63914129,63914270,63915234,63915316,2522,132,358
0,0.085449,33,358.395996
1,63914339,63914046,63915458,63915096,2544,133,358
0,-0.092285,18,358.374023
1,63914060,63914319,63915185,63915385,2569,134,358
0,0.146973,20,358.374023
1,63914036,63914371,63915133,63915418,2514,135,358
0,-0.065918,23,358.374023
1,63914236,63914171,63915333,63915209,2504,136,358
0,0.081543,20,358.286133
1,63914257,63914129,63915375,63915193,2559,137,358
0,0.072754,29,358.395996
1,63914190,63914210,63915294,63915257,2522,138,358
0,0.073730,36,358.374023
1,63914293,63914109,63915395,63915157,2521,139,358
0,-0.015625,47,358.374023
1,63914332,63914050,63915454,63915115,2565,140,358
0,0.120605,30,358.374023
1,63913941,63913947,63915045,63914992,2520,141,358
0,0.069824,23,358.417969
1,63914196,63914191,63915313,63915238,2538,142,358
0,0.045898,24,358.330078
1,63914367,63914032,63915472,63915075,2519,143,358
0,-0.007812,16,358.352051
1,63914303,63914097,63915407,63915146,2525,144,358
0,0.042969,16,358.374023
1,63914027,63914375,63915129,63915418,2515,145,358
0,-0.150879,39,358.374023
1,63913981,63913909,63915083,63914955,2519,146,358
0,-0.202637,24,358.439941
1,63914241,63914149,63915355,63915197,2535,147,358
0,0.264160,20,358.395996
1,63914341,63914050,63915454,63915107,2545,148,358
0,0.112793,23,358.374023
1,63914156,63914242,63915262,63915288,2524,149,358
0,-0.065918,14,358.308105
1,63913894,63914010,63914982,63915046,2491,150,358
0,-0.146973,24,358.352051
1,63914036,63914366,63915138,63915416,2524,151,358
0,0.003906,45,358.352051
1,63914293,63914114,63915390,63915164,2518,152,358
0,-0.171387,24,358.330078
1,63914241,63914176,63915328,63915207,2484,153,358
0,-0.303223,20,358.374023
1,63914216,63914181,63915323,63915232,2531,154,358
0,0.085449,23,358.439941
1,63914168,63914228,63915276,63915271,2522,155,358
0,-0.132324,15,358.417969
1,63913998,63913881,63915111,63914927,2532,156,358
0,0.127441,27,358.374023
1,63914042,63914361,63915143,63915409,2520,157,358
0,0.027344,20,358.308105
1,63913968,63913921,63915071,63914968,2521,158,358
0,-0.093262,24,358.308105
1,63914283,63914110,63915394,63915176,2553,159,358
0,0.093262,34,358.308105
1,63914109,63914289,63915215,63915327,2514,160,358
0,0.186035,15,358.352051
1,63914067,63914313,63915191,63915379,2568,161,358
0,-0.064941,32,358.439941
1,63914368,63914018,63915486,63915075,2551,162,358
0,0.196777,28,358.374023
1,63914260,63914131,63915373,63915200,2559,163,358
0,-0.105957,33,358.286133
1,63914115,63914279,63915225,63915332,2537,164,358
0,0.259277,28,358.352051
1,63914060,63914330,63915174,63915390,2549,165,358
0,0.146973,29,358.330078
1,63913937,63913943,63915049,63915000,2544,166,358
0,0.251465,29,358.308105
1,63914252,63914125,63915379,63915189,2569,167,358
0,-0.073730,28,358.395996
1,63913941,63913937,63915055,63914990,2541,168,358
0,0.128418,25,358.395996
1,63914319,63914074,63915430,63915123,2533,169,358
0,0.154785,29,358.374023
1,63914362,63914043,63915461,63915077,2501,170,358
0,-0.115723,15,358.374023
1,63914143,63914248,63915256,63915297,2535,171,358
0,0.133301,24,358.352051
1,63914109,63914295,63915209,63915335,2510,172,358
0,-0.081543,15,358.374023
1,63913976,63913914,63915078,63914961,2520,173,358
0,-0.023438,44,358.395996
1,63914285,63914112,63915392,63915167,2535,174,358
0,0.109863,23,358.374023
1,63914289,63914115,63915389,63915158,2513,175,358
0,0.123535,17,358.374023
1,63914074,63914327,63915177,63915363,2508,176,358
0,0.039062,24,358.417969
1,63913875,63914000,63914992,63915063,2556,177,358
0,0.101074,31,358.286133
1,63914209,63914191,63915313,63915237,2521,178,358
0,0.031250,23,358.286133
1,63914082,63914314,63915190,63915358,2524,179,358
0,-0.031250,48,358.374023
1,63914111,63914289,63915215,63915330,2515,180,358
0,0.140137,17,358.417969
1,63914020,63914369,63915135,63915438,2561,181,358
0,0.065918,31,358.330078
1,63913912,63913980,63915012,63915015,2504,182,358
0,-0.011719,10,358.374023
1,63914319,63914065,63915439,63915135,2568,183,358
0,0.007812,28,358.308105
1,63914184,63914200,63915304,63915258,2554,184,358
0,-0.007812,26,358.330078
1,63914221,63914182,63915322,63915227,2517,185,358
0,-0.108887,17,358.330078
1,63914177,63914229,63915275,63915275,2514,186,358
0,0.085449,21,358.242188
1,63913902,63913992,63915000,63915024,2498,187,358
0,0.015625,15,358.308105
1,63914301,63914102,63915402,63915143,2512,188,358
0,-0.456055,21,358.395996
1,63914181,63914206,63915298,63915258,2544,189,358
0,0.181152,28,358.352051
1,63914177,63914236,63915268,63915268,2490,190,358
0,0.132324,17,358.308105
1,63914000,63913881,63915111,63914935,2539,191,358
0,0.027344,21,358.330078
1,63913879,63914010,63914982,63915052,2515,192,358
0,-0.155762,25,358.286133
1,63914289,63914112,63915392,63915161,2524,193,358
0,0.335449,15,358.264160
1,63914195,63914196,63915308,63915258,2551,194,358
0,0.144043,29,358.395996
1,63914045,63914348,63915156,63915399,2535,195,358
0,0.023438,20,358.439941
1,63914363,63914045,63915459,63915083,2503,196,358
0,-0.077637,15,358.220215
1,63913914,63913974,63915018,63915012,2512,197,358
0,0.015625,8,358.395996
1,63914273,63914128,63915376,63915176,2522,198,358
0,0.003906,24,358.417969
1,63914115,63914281,63915223,63915324,2522,199,358
0,0.123535,16,358.374023
1,63914347,63914050,63915454,63915108,2539,200,358
0,0.015625,24,358.395996
1,63913995,63913895,63915097,63914942,2520,201,358
0,0.297363,30,358.417969
1,63914267,63914118,63915386,63915178,2555,202,358
0,0.088379,29,358.330078
1,63914100,63914303,63915201,63915346,2514,203,358
0,0.023438,18,358.417969
1,63914204,63914194,63915310,63915241,2525,204,358
0,0.085449,24,358.374023
1,63914116,63914267,63915237,63915328,2559,205,358
0,-0.417969,27,358.352051
1,63913929,63913969,63915023,63915007,2500,206,358
0,0.115723,28,358.352051
1,63914233,63914166,63915338,63915211,2521,207,358
0,0.228027,11,358.395996
1,63914254,63914149,63915355,63915200,2524,208,358
0,0.136230,27,358.352051
1,63914358,63914050,63915454,63915092,2507,209,358
0,-0.218262,18,358.461914
1,63913890,63913997,63914995,63915032,2510,210,358
0,-0.035156,15,358.374023
1,63914000,63914383,63915121,63915444,2559,211,358
0,0.293457,26,358.374023
1,63913986,63913903,63915089,63914956,2528,212,358
0,0.124512,20,358.330078
1,63913962,63913933,63915059,63914986,2521,213,358
0,0.119629,29,358.395996
1,63914224,63914182,63915322,63915215,2499,214,358
0,0.127441,8,358.330078
1,63914242,63914169,63915335,63915202,2493,215,358
0,-0.135254,26,358.395996
1,63913907,63913979,63915013,63915018,2515,216,358
0,0.035156,18,358.374023
1,63914294,63914111,63915393,63915147,2504,217,358
0,-0.081543,15,358.330078
1,63914099,63914300,63915204,63915350,2527,218,358
0,-0.062012,19,358.417969
1,63913921,63913967,63915025,63914998,2504,219,358
0,0.065918,16,358.286133
1,63914147,63914244,63915260,63915300,2544,220,358
0,0.019531,28,358.374023
1,63914369,63914037,63915467,63915076,2506,221,358
0,0.081543,17,358.374023
1,63914114,63914281,63915223,63915328,2528,222,358
0,0.045898,26,358.264160
1,63913986,63913907,63915085,63914948,2510,223,358
0,-0.185059,25,358.417969
1,63913958,63913938,63915054,63914973,2499,224,358
0,-0.069824,17,358.330078
1,63914018,63913876,63915116,63914927,2520,225,358
0,0.065918,36,358.374023
1,63914346,63914058,63915446,63915106,2519,226,358
0,-0.014648,29,358.374023
1,63913878,63913996,63914996,63915058,2556,227,358
0,0.239746,33,358.417969
1,63913938,63913944,63915048,63914995,2534,228,358
0,0.115723,20,358.286133
1,63914354,63914043,63915461,63915093,2530,229,358
0,0.003906,18,358.439941
1,63914192,63914199,63915305,63915256,2545,230,358
0,-0.003906,31,358.308105
1,63914146,63914257,63915247,63915315,2532,231,358
0,-0.065918,34,358.439941
1,63913911,63913977,63915015,63915017,2514,232,358
0,0.046875,19,358.395996
1,63913936,63913959,63915033,63915001,2508,233,358
0,0.128418,26,358.330078
1,63914228,63914178,63915326,63915223,2513,234,358
0,-0.148926,21,358.286133
1,63914194,63914196,63915308,63915249,2541,235,358
0,0.081543,30,358.395996
1,63914343,63914048,63915456,63915109,2549,236,358
0,-0.007812,29,358.374023
1,63914366,63914036,63915468,63915083,2520,237,358
0,0.092285,23,358.374023
1,63913945,63913937,63915055,63915004,2553,238,358
0,-0.086426,37,358.352051
1,63914108,63914292,63915212,63915333,2515,239,358
0,0.231934,23,358.308105
1,63914333,63914063,63915441,63915119,2538,240,358
0,-0.235840,33,358.395996
1,63913990,63913903,63915089,63914940,2505,241,358
0,0.065918,18,358.395996
1,63914137,63914242,63915262,63915308,2569,242,358
0,0.113770,30,358.417969
1,63914239,63914161,63915343,63915206,2520,243,358
0,0.077637,17,358.439941
1,63914290,63914103,63915401,63915160,2542,244,358
0,-0.069824,21,358.395996
1,63914353,63914037,63915467,63915084,2534,245,358
0,0.152832,14,358.417969
1,63913964,63913928,63915064,63914956,2496,246,358
0,0.100098,9,358.374023
1,63914237,63914169,63915335,63915208,2506,247,358
0,0.065918,17,358.352051
1,63913935,63913939,63915053,63914995,2549,248,358
0,-0.039062,19,358.330078
1,63914154,63914246,63915258,63915290,2519,249,358
0,0.117676,23,358.417969
1,63914238,63914164,63915340,63915205,2513,250,358
0,0.120605,19,358.330078
1,63913983,63913917,63915075,63914951,2493,251,358
0,0.073730,19,358.330078
1,63914219,63914174,63915330,63915223,2533,252,358
0,0.000000,20,358.374023
1,63914264,63914113,63915391,63915185,2579,253,358
0,0.305176,34,358.352051
1,63914117,63914278,63915226,63915324,2527,254,358
0,-0.188965,34,358.352051
1,63914289,63914110,63915394,63915160,2527,255,358
0,0.173340,20,358.308105
1,63913948,63913921,63915071,63914983,2562,256,358
0,-0.192871,26,358.374023
1,63914196,63914199,63915305,63915247,2530,257,358
0,0.201660,29,358.330078
1,63914367,63914033,63915471,63915074,2515,258,358
0,0.046875,24,358.439941
1,63914107,63914285,63915219,63915332,2532,259,358
0,0.073730,20,358.395996
1,63914350,63914048,63915456,63915090,2519,260,358
0,0.029297,13,358.374023
1,63913922,63913976,63915016,63915006,2491,261,358
0,0.085449,17,358.395996
1,63914316,63914094,63915410,63915138,2507,262,358
0,0.023438,28,358.330078
1,63914236,63914171,63915333,63915213,2508,263,358
0,0.019531,19,358.395996
1,63914017,63914376,63915128,63915438,2548,264,358
0,0.101074,30,358.352051
1,63913972,63913921,63915071,63914972,2521,265,358
0,0.039062,25,358.439941
1,63913932,63913949,63915043,63915004,2540,266,358
0,0.228027,28,358.439941
1,63914090,63914309,63915195,63915356,2524,267,358
0,-0.031250,25,358.374023
1,63914089,63914311,63915193,63915349,2512,268,358
0,-0.173340,18,358.439941
1,63914155,63914237,63915267,63915282,2530,269,358
0,0.003906,19,358.417969
1,63914331,63914056,63915448,63915094,2527,270,358
0,0.225098,17,358.461914
1,63914093,63914314,63915190,63915361,2514,271,358
0,-0.077637,21,358.439941
1,63914287,63914109,63915395,63915156,2527,272,358
0,-0.173340,12,358.330078
1,63914303,63914092,63915412,63915137,2526,273,358
0,0.116699,17,358.242188
1,63914230,63914177,63915327,63915213,2501,274,358
0,0.197754,14,358.395996
1,63914174,63914234,63915270,63915266,2496,275,358
0,-0.081543,17,358.395996
1,63914005,63914380,63915124,63915448,2565,276,358
0,0.175293,29,358.330078
1,63914247,63914168,63915336,63915205,2493,277,358
0,-0.145020,19,358.439941
1,63914299,63914102,63915402,63915146,2518,278,358
0,-0.031250,19,358.286133
1,63914222,63914179,63915325,63915224,2519,279,358
0,0.251465,44,358.286133
1,63914030,63914365,63915139,63915410,2526,280,358
0,-0.080566,12,358.417969
1,63914355,63914044,63915460,63915081,2512,281,358
0,-0.031250,15,358.395996
1,63914247,63914154,63915350,63915192,2511,282,358
0,0.031250,20,358.395996
1,63913974,63913913,63915079,63914960,2524,283,358
0,0.069824,21,358.439941
1,63914295,63914097,63915407,63915147,2535,284,358
0,0.039062,12,358.352051
1,63914006,63914369,63915135,63915437,2576,285,358
0,0.031250,30,358.461914
1,63914293,63914110,63915394,63915156,2518,286,358
0,-0.104004,19,358.395996
1,63914038,63914362,63915142,63915410,2524,287,358
0,-0.023438,24,358.330078
1,63914358,63914039,63915465,63915077,2515,288,358
0,0.121582,15,358.374023
1,63913984,63913899,63915093,63914944,2526,289,358
0,-0.102051,27,358.417969
1,63914031,63914363,63915141,63915406,2525,290,358
0,0.092285,16,358.483887
1,63914289,63914108,63915396,63915149,2519,291,358
0,0.101074,11,358.352051
1,63913921,63913972,63915020,63914997,2491,292,358
0,0.178223,16,358.374023
1,63914165,63914239,63915265,63915279,2510,293,358
0,0.205566,15,358.439941
1,63914101,63914302,63915202,63915339,2507,294,358
0,-0.065918,17,358.352051
1,63914071,63914305,63915199,63915361,2561,295,358
0,0.104004,23,358.395996
1,63914048,63914352,63915152,63915393,2515,296,358
0,-0.140137,20,358.374023
1,63914199,63914199,63915305,63915245,2524,297,358
0,0.062012,28,358.352051
1,63914368,63914029,63915475,63915071,2520,298,358
0,0.031250,25,358.264160
1,63913915,63913979,63915013,63915013,2500,299,358
0,-0.097168,18,358.308105
1,63914143,63914246,63915258,63915289,2531,300,358
0,-0.030273,17,358.374023
1,63913921,63913956,63915036,63915001,2533,301,358
0,0.042969,21,358.395996
1,63913976,63913918,63915074,63914952,2500,302,358
0,0.041992,11,358.461914
1,63914107,63914295,63915209,63915330,2506,303,358
0,-0.015625,17,358.395996
1,63914250,63914153,63915351,63915201,2520,304,358
0,-0.108887,32,358.308105
1,63914383,63913993,63915511,63915043,2554,305,358
0,0.035156,22,358.374023
1,63914148,63914237,63915267,63915284,2540,306,358
0,0.124512,16,358.330078
1,63913999,63913890,63915102,63914926,2508,307,358
0,-0.011719,27,358.417969
1,63914313,63914065,63915439,63915128,2567,308,358
0,0.208496,36,358.395996
1,63914381,63914014,63915490,63915063,2531,309,358
0,0.289551,39,358.374023
1,63914370,63914013,63915491,63915074,2559,310,358
0,-0.019531,38,358.286133
1,63913951,63913942,63915050,63914985,2512,311,358
0,0.247559,31,358.395996
1,63914293,63914107,63915397,63915148,2515,312,358
0,-0.019531,17,358.286133
1,63914366,63914036,63915468,63915073,2508,313,358
0,-0.147949,29,358.352051
1,63914113,63914289,63915215,63915327,2510,314,358
0,-0.121582,19,358.374023
1,63913986,63913913,63915079,63914952,2500,315,358
0,0.062012,21,358.352051
1,63913985,63913914,63915078,63914952,2499,316,358
0,-0.011719,23,358.330078
1,63914362,63914035,63915469,63915078,2521,317,358
0,0.174316,20,358.330078
1,63913980,63913917,63915075,63914951,2497,318,358
0,-0.200684,18,358.417969
1,63914360,63914050,63915454,63915090,2503,319,358
0,-0.077637,21,358.417969
1,63914158,63914241,63915263,63915273,2506,320,358
0,0.023438,12,358.417969
1,63914223,63914188,63915316,63915227,2500,321,358
0,0.170410,16,358.374023
1,63914091,63914302,63915202,63915339,2519,322,358
0,0.154785,11,358.395996
1,63914059,63914322,63915182,63915380,2558,323,358
0,0.156738,33,358.417969
1,63913958,63913926,63915066,63914973,2527,324,358
0,-0.128418,24,358.352051
1,63914297,63914097,63915407,63915146,2532,325,358
0,-0.039062,18,358.352051
1,63914299,63914096,63915408,63915140,2525,326,358
0,0.081543,23,358.439941
1,63914243,63914157,63915347,63915199,2517,327,358
0,-0.081543,25,358.198242
1,63913963,63913935,63915057,63914972,2499,328,358
0,-0.196777,22,358.374023
1,63914286,63914113,63915391,63915161,2525,329,358
0,0.120605,18,358.330078
1,63914059,63914328,63915176,63915379,2542,330,358
0,-0.039062,31,358.352051
1,63914263,63914139,63915365,63915191,2526,331,358
0,-0.023438,32,358.395996
1,63914199,63914177,63915327,63915230,2558,332,358
0,0.104004,24,358.439941
1,63914175,63914224,63915280,63915260,2511,333,358
0,0.089355,25,358.374023
1,63913968,63913918,63915074,63914954,2512,334,358
0,0.065918,15,358.374023
1,63914040,63914358,63915146,63915394,2512,335,358
0,-0.036133,15,358.395996
1,63914141,63914249,63915255,63915277,2512,336,358
0,0.039062,11,358.417969
1,63914354,63914040,63915464,63915088,2531,337,358
0,-0.104980,16,358.439941
1,63914144,63914241,63915263,63915278,2528,338,358
0,0.042969,10,358.330078
1,63913964,63913915,63915077,63914966,2538,339,358
0,0.139160,46,358.308105
1,63914368,63914014,63915490,63915062,2545,340,358
0,0.324707,26,358.374023
1,63914198,63914186,63915318,63915243,2553,341,358
0,0.003906,34,358.352051
1,63913934,63913937,63915055,63914983,2541,342,358
0,-0.065918,24,358.352051
1,63914042,63914359,63915145,63915396,2510,343,358
0,-0.027344,14,358.308105
1,63914194,63914207,63915297,63915245,2511,344,358
0,0.034180,29,358.374023
1,63913910,63913975,63915017,63915010,2512,345,358
0,-0.135254,20,358.374023
1,63914287,63914118,63915386,63915162,2513,346,358
0,0.003906,19,358.308105
1,63914163,63914235,63915269,63915268,2508,347,358
0,0.066895,11,358.395996
1,63914045,63914364,63915140,63915401,2500,348,358
0,-0.042969,19,358.286133
1,63914309,63914097,63915407,63915138,2508,349,358
0,-0.088379,33,358.242188
1,63914191,63914214,63915290,63915241,2493,350,358
0,0.000000,19,358.352051
1,63914096,63914302,63915202,63915343,2518,351,358
0,-0.297363,15,358.439941
1,63914314,63914086,63915418,63915135,2525,352,358
0,0.011719,36,358.330078
1,63913928,63913946,63915046,63914999,2546,353,358
0,0.208496,29,358.417969
1,63914177,63914218,63915286,63915255,2517,354,358
0,0.253418,22,358.352051
1,63914092,63914301,63915203,63915343,2525,355,358
0,-0.003906,23,358.330078
