1,63914284,63914292,63916236,63916188,4513,0,358
0,0.100098,22,358.417969
1,63914118,63913920,63916096,63915832,4562,1,358
0,0.340332,19,358.286133
1,63913953,63914104,63915912,63915991,4511,2,358
0,0.154785,13,358.417969
1,63914312,63914252,63916276,63916157,4538,3,358
0,0.046875,15,358.439941
1,63913902,63914151,63915865,63916041,4519,4,358
0,0.361816,18,358.483887
1,63914249,63914306,63916222,63916203,4539,5,358
0,-0.062012,2,358.483887
1,63913948,63914102,63915914,63916003,4535,6,358
0,0.289551,18,358.417969
1,63913960,63914099,63915917,63915986,4508,7,358
0,0.031250,9,358.439941
1,63914366,63914199,63916329,63916095,4526,8,358
0,0.007812,11,358.352051
1,63914363,63914208,63916320,63916102,4516,9,358
0,0.181152,10,358.330078
1,63913881,63914173,63915843,63916079,4536,10,358
0,0.019531,23,358.352051
1,63914339,63914229,63916299,63916123,4520,11,358
0,0.181152,15,358.330078
1,63914019,63914037,63915979,63915934,4524,12,358
0,0.243652,26,358.395996
1,63914222,63914351,63916177,63916238,4506,13,358
0,0.309082,15,358.352051
1,63914304,63914258,63916270,63916165,4542,14,358
0,0.143066,8,358.439941
1,63913928,63914114,63915902,63916029,4561,15,358
0,0.336426,20,358.395996
1,63914254,63914304,63916224,63916202,4536,16,358
0,0.128418,19,358.352051
1,63914277,63914299,63916229,63916182,4498,17,358
0,0.334473,6,358.286133
1,63914183,63914367,63916161,63916268,4549,18,358
0,0.322754,10,358.352051
1,63914380,63914177,63916351,63916086,4550,19,358
0,0.031250,17,358.439941
1,63914132,63913917,63916099,63915815,4533,20,358
0,0.298340,21,358.461914
1,63913875,63914181,63915835,63916084,4531,21,358
0,-0.015625,22,358.417969
1,63914078,63913982,63916034,63915888,4529,22,358
0,0.201660,31,358.417969
1,63913974,63914071,63915945,63915979,4549,23,358
0,0.471680,22,358.417969
1,63914045,63914014,63916002,63915911,4520,24,358
0,0.128418,11,358.308105
1,63914318,63914256,63916272,63916155,4519,25,358
0,-0.027344,14,358.374023
1,63914337,63914229,63916299,63916125,4525,26,358
0,-0.064941,15,358.395996
1,63914159,63913900,63916116,63915791,4513,27,358
0,0.441406,20,358.330078
1,63914107,63913934,63916082,63915839,4550,28,358
0,0.330566,11,358.374023
1,63914049,63913995,63916021,63915894,4540,29,358
0,-0.035156,2,358.330078
1,63914136,63913909,63916107,63915796,4525,30,358
0,0.287598,7,358.461914
1,63914362,63914204,63916324,63916099,4524,31,358
0,0.287598,8,358.374023
1,63913986,63914072,63915944,63915977,4531,32,358
0,0.348145,10,358.395996
1,63914367,63914195,63916333,63916101,4541,33,358
0,0.200684,13,358.417969
1,63914067,63913990,63916026,63915891,4527,34,358
0,0.135254,16,358.352051
1,63913983,63914078,63915938,63915973,4515,35,358
0,-0.220215,6,358.352051
1,63914281,63914294,63916234,63916178,4500,36,358
0,0.039062,8,358.308105
1,63914373,63914178,63916350,63916094,4566,37,358
0,0.003906,35,358.352051
1,63913998,63914050,63915966,63915958,4546,38,358
0,0.042969,14,358.352051
1,63914295,63914267,63916261,63916169,4536,39,358
0,0.255371,7,358.439941
1,63914285,63914290,63916238,63916180,4507,40,358
0,0.155762,10,358.417969
1,63914047,63913990,63916026,63915898,4559,41,358
0,0.101074,7,358.417969
1,63913982,63914075,63915941,63915971,4521,42,358
0,0.190918,5,358.352051
1,63914229,63914348,63916180,63916238,4505,43,358
0,0.285645,19,358.330078
1,63914130,63913921,63916095,63915815,4526,44,358
0,-0.061035,13,358.461914
1,63914050,63913986,63916030,63915907,4575,45,358
0,-0.027344,18,358.330078
1,63913941,63914103,63915913,63915991,4527,46,358
0,0.085449,6,358.417969
1,63914223,63914356,63916172,63916244,4500,47,358
0,0.394531,8,358.352051
1,63914168,63913893,63916123,63915787,4514,48,358
0,0.124512,12,358.352051
1,63913961,63914098,63915918,63915993,4518,49,358
0,0.342285,14,358.308105
1,63914244,63914313,63916215,63916214,4541,50,358
0,0.231934,13,358.308105
1,63913904,63914160,63915856,63916052,4508,51,358
0,0.186035,13,358.374023
1,63914372,63914189,63916339,63916091,4538,52,358
0,0.371582,9,358.308105
1,63914330,63914235,63916293,63916137,4533,53,358
0,-0.031250,23,358.395996
1,63914304,63914256,63916272,63916160,4541,54,358
0,0.092285,11,358.395996
1,63914053,63913992,63916024,63915897,4546,55,358
0,0.096191,12,358.352051
1,63914222,63914353,63916175,63916236,4499,56,358
0,0.155762,3,358.330078
1,63914175,63913877,63916139,63915782,4538,57,358
0,-0.073730,10,358.505859
1,63913885,63914173,63915843,63916077,4529,58,358
0,0.124512,26,358.439941
1,63914285,63914291,63916237,63916184,4509,59,358
0,-0.042969,20,358.308105
1,63914253,63914322,63916206,63916227,4525,60,358
0,-0.089355,8,358.439941
1,63913904,63914154,63915862,63916047,4516,61,358
0,0.247559,14,358.352051
1,63914307,63914244,63916284,63916156,4561,62,358
0,0.237793,11,358.352051
1,63914299,63914256,63916272,63916169,4558,63,358
0,0.196777,9,358.374023
1,63914306,63914244,63916284,63916149,4554,64,358
0,0.135254,15,358.374023
1,63913906,63914150,63915866,63916041,4516,65,358
0,0.019531,9,358.352051
1,63914352,63914226,63916302,63916128,4518,66,358
0,0.216309,24,358.417969
1,63914361,63914210,63916318,63916108,4521,67,358
0,0.375488,20,358.352051
1,63913985,63914076,63915940,63915978,4524,68,358
0,0.112793,9,358.439941
1,63913962,63914096,63915920,63915983,4509,69,358
0,0.124512,4,358.417969
1,63914290,63914286,63916242,63916193,4526,70,358
0,0.432617,27,358.308105
1,63914095,63913956,63916060,63915860,4538,71,358
0,0.192871,21,358.330078
1,63914047,63914015,63916001,63915910,4514,72,358
0,0.096191,10,358.439941
1,63914362,63914207,63916321,63916107,4526,73,358
0,0.245605,14,358.352051
1,63914081,63913980,63916036,63915880,4521,74,358
0,0.263184,25,358.352051
1,63913918,63914129,63915887,63916027,4535,75,358
0,0.194824,3,358.395996
1,63914044,63914003,63916013,63915912,4548,76,358
0,0.394531,24,358.395996
1,63914104,63913950,63916066,63915856,4536,77,358
0,-0.148926,21,358.395996
1,63914110,63913939,63916077,63915845,4542,78,358
0,0.239746,7,358.352051
1,63914165,63913898,63916118,63915798,4519,79,358
0,0.225098,15,358.374023
1,63914026,63914031,63915985,63915933,4528,80,358
0,0.154785,16,358.352051
1,63914038,63914024,63915992,63915921,4516,81,358
0,0.092285,17,358.461914
1,63914047,63914008,63916008,63915908,4528,82,358
0,0.145020,6,358.417969
1,63913988,63914061,63915955,63915970,4546,83,358
0,0.174316,18,358.374023
1,63913880,63914169,63915847,63916078,4546,84,358
0,-0.023438,22,358.308105
1,63913922,63914132,63915884,63916038,4536,85,358
0,-0.229980,11,358.374023
1,63914177,63913884,63916132,63915781,4518,86,358
0,0.224121,5,358.374023
1,63914226,63914352,63916176,63916249,4512,87,358
0,-0.044922,22,358.330078
1,63914279,63914295,63916233,63916202,4528,88,358
0,0.015625,23,358.417969
1,63914094,63913964,63916052,63915863,4524,89,358
0,0.329590,15,358.330078
1,63914167,63913895,63916121,63915788,4512,90,358
0,0.023438,8,358.461914
1,63914246,63914304,63916224,63916219,4566,91,358
0,0.256348,6,358.352051
1,63914328,63914237,63916291,63916140,4534,92,358
0,0.062012,20,358.308105
1,63914179,63914380,63916148,63916283,4541,93,358
0,0.226074,10,358.286133
1,63914106,63913962,63916054,63915856,4506,94,358
0,0.412109,24,358.374023
1,63914095,63913964,63916052,63915850,4507,95,358
0,0.137207,1,358.439941
1,63914072,63913983,63916033,63915887,4533,96,358
0,-0.011719,22,358.417969
1,63913933,63914108,63915908,63916019,4558,97,358
0,0.341309,5,358.395996
1,63914047,63914010,63916006,63915909,4525,98,358
0,0.000000,5,358.242188
1,63914186,63914364,63916164,63916283,4570,99,358
0,0.367676,21,358.352051
1,63914233,63914335,63916193,63916234,4526,100,358
0,0.291504,15,358.417969
1,63914365,63914188,63916340,63916097,4555,101,358
0,0.212402,7,358.374023
1,63913891,63914165,63915851,63916066,4528,102,358
0,0.231934,25,358.374023
1,63914268,63914295,63916233,63916197,4535,103,358
0,0.347168,20,358.352051
1,63914291,63914281,63916247,63916176,4516,104,358
0,0.439453,24,358.505859
1,63914047,63914008,63916008,63915911,4532,105,358
0,-0.023438,8,358.286133
1,63914029,63914025,63915991,63915917,4520,106,358
0,0.000000,7,358.330078
1,63914005,63914043,63915973,63915941,4534,107,358
0,0.204590,14,358.374023
1,63914188,63914368,63916160,63916278,4553,108,358
0,0.245605,18,358.330078
1,63914304,63914264,63916264,63916170,4534,109,358
0,0.366699,11,358.352051
1,63914283,63914290,63916238,63916191,4522,110,358
0,0.088379,16,358.374023
1,63913900,63914166,63915850,63916066,4515,111,358
0,0.136230,26,358.395996
1,63913985,63914055,63915961,63915972,4566,112,358
0,-0.089355,16,358.417969
1,63914118,63913950,63916066,63915841,4502,113,358
0,-0.063965,11,358.374023
1,63914081,63913977,63916039,63915880,4528,114,358
0,0.101074,21,358.308105
1,63914288,63914290,63916238,63916186,4511,115,358
0,0.144043,18,358.352051
1,63914278,63914300,63916228,63916197,4512,116,358
0,0.386719,19,358.417969
1,63913917,63914123,63915893,63916031,4555,117,358
0,0.204590,5,358.330078
1,63914297,63914272,63916256,63916171,4525,118,358
0,0.116699,17,358.330078
1,63914365,63914189,63916339,63916097,4553,119,358
0,0.011719,11,358.352051
1,63914092,63913969,63916047,63915882,4536,120,358
0,-0.156738,28,358.330078
1,63914226,63914349,63916179,63916256,4527,121,358
0,0.015625,26,358.352051
1,63914044,63913999,63916017,63915911,4556,122,358
0,0.120605,12,358.439941
1,63914121,63913920,63916096,63915826,4552,123,358
0,0.200684,19,358.395996
1,63914102,63913958,63916058,63915846,4508,124,358
0,0.229980,20,358.417969
1,63913904,63914151,63915865,63916044,4520,125,358
0,0.255371,7,358.308105
1,63914358,63914221,63916307,63916111,4502,126,358
0,0.456055,22,358.330078
1,63914120,63913929,63916087,63915829,4535,127,358
0,0.101074,13,358.417969
1,63913916,63914139,63915877,63916033,4521,128,358
0,-0.032227,6,358.417969
1,63914048,63913997,63916019,63915902,4546,129,358
0,0.321777,10,358.417969
1,63913917,63914137,63915879,63916037,4529,130,358
0,0.031250,5,358.374023
1,63913997,63914049,63915967,63915957,4548,131,358
0,0.299316,10,358.395996
1,63914051,63913999,63916017,63915904,4540,132,358
0,0.155762,14,358.395996
1,63913910,63914127,63915889,63916037,4561,133,358
0,0.100098,13,358.330078
1,63913914,63914144,63915872,63916043,4524,134,358
0,0.034180,12,358.352051
1,63914074,63913980,63916036,63915872,4520,135,358
0,0.128418,15,358.395996
1,63913889,63914175,63915841,63916065,4506,136,358
0,0.019531,18,358.395996
1,63914226,63914342,63916186,63916240,4525,137,358
0,0.324707,25,358.417969
1,63914129,63913922,63916094,63915818,4528,138,358
0,0.476562,10,358.483887
1,63914110,63913921,63916095,63915838,4576,139,358
0,0.437500,28,358.352051
1,63914325,63914238,63916290,63916130,4524,140,358
0,0.120605,12,358.374023
1,63913921,63914121,63915895,63916024,4547,141,358
0,0.145020,3,358.374023
1,63913997,63914051,63915965,63915949,4534,142,358
0,0.303223,6,358.439941
1,63914191,63914366,63916162,63916274,4549,143,358
0,0.501953,22,358.395996
1,63914049,63914004,63916012,63915895,4520,144,358
0,0.196777,2,358.439941
1,63914091,63913967,63916049,63915863,4520,145,358
0,0.229004,14,358.330078
1,63914007,63914049,63915967,63915958,4538,146,358
0,0.139160,13,358.374023
1,63913976,63914075,63915941,63915978,4536,147,358
0,0.357910,15,358.417969
1,63914109,63913936,63916080,63915843,4548,148,358
0,-0.019531,12,358.330078
1,63914234,63914330,63916198,63916231,4533,149,358
0,0.124512,9,358.395996
1,63914166,63913897,63916119,63915786,4506,150,358
0,0.224121,7,358.417969
1,63914051,63913999,63916017,63915895,4529,151,358
0,0.046875,3,358.461914
1,63913896,63914165,63915851,63916057,4512,152,358
0,0.484375,16,358.308105
1,63914154,63913900,63916116,63915795,4524,153,358
0,0.466797,21,358.374023
1,63913936,63914110,63915906,63916023,4554,154,358
0,0.136230,15,358.374023
1,63914109,63913937,63916079,63915843,4546,155,358
0,0.231934,22,358.395996
1,63913929,63914126,63915890,63916026,4528,156,358
0,0.039062,10,358.330078
1,63914355,63914224,63916304,63916114,4502,157,358
0,0.359863,26,358.439941
1,63914264,63914303,63916225,63916205,4531,158,358
0,0.101074,20,358.461914
1,63914048,63913997,63916019,63915904,4548,159,358
0,0.104980,12,358.439941
1,63914244,63914305,63916223,63916220,4567,160,358
0,0.121582,19,358.439941
1,63914164,63913894,63916122,63915789,4519,161,358
0,0.188965,13,358.439941
1,63913969,63914092,63915924,63915988,4516,162,358
0,0.131348,19,358.439941
1,63914235,63914332,63916196,63916228,4524,163,358
0,0.186035,4,358.374023
1,63914291,63914283,63916245,63916175,4511,164,358
0,0.231934,17,358.417969
1,63914090,63913971,63916045,63915858,4506,165,358
0,-0.154785,17,358.395996
1,63914198,63914365,63916163,63916270,4539,166,358
0,0.239746,25,358.461914
1,63914371,63914184,63916344,63916091,4550,167,358
0,0.406250,35,358.308105
1,63914061,63913989,63916027,63915901,4548,168,358
0,0.147949,22,358.374023
1,63913994,63914059,63915957,63915969,4542,169,358
0,-0.115723,14,358.439941
1,63914124,63913922,63916094,63915818,4534,170,358
0,0.108887,12,358.374023
1,63914332,63914234,63916294,63916142,4539,171,358
0,0.007812,25,358.395996
1,63914175,63913878,63916138,63915781,4534,172,358
0,0.019531,7,358.461914
1,63914288,63914278,63916250,63916171,4521,173,358
0,0.245605,6,358.395996
1,63914030,63914039,63915977,63915944,4518,174,358
0,0.120605,26,358.286133
1,63914228,63914347,63916181,63916241,4512,175,358
0,0.143066,24,358.461914
1,63914315,63914242,63916286,63916146,4545,176,358
0,0.132324,13,358.395996
1,63913998,63914059,63915957,63915966,4534,177,358
0,0.281738,20,358.461914
1,63914172,63913879,63916137,63915777,4531,178,358
0,0.042969,7,358.330078
1,63914278,63914298,63916230,63916192,4511,179,358
0,0.350098,18,358.264160
1,63914107,63913958,63916058,63915846,4502,180,358
0,0.229004,5,358.417969
1,63914379,63914181,63916347,63916086,4542,181,358
0,0.155762,13,358.352051
1,63914178,63914370,63916158,63916286,4569,182,358
0,-0.032227,16,358.330078
1,63914313,63914247,63916281,63916157,4548,183,358
0,0.154785,18,358.374023
1,63913947,63914105,63915911,63916011,4539,184,358
0,0.139160,20,358.374023
1,63914192,63914363,63916165,63916265,4545,185,358
0,0.194824,15,358.286133
1,63914296,63914276,63916252,63916172,4518,186,358
0,0.045898,12,358.461914
1,63913930,63914122,63915894,63916027,4538,187,358
0,0.000000,12,358.439941
1,63914067,63913986,63916030,63915891,4536,188,358
0,0.175293,11,358.374023
1,63914296,63914271,63916257,63916174,4532,189,358
0,0.169434,27,358.374023
1,63914224,63914363,63916165,63916258,4499,190,358
0,0.169434,21,358.352051
1,63914331,63914236,63916292,63916136,4528,191,358
0,0.263184,19,358.374023
1,63913884,63914185,63915831,63916085,4512,192,358
0,0.216309,20,358.374023
1,63913892,63914167,63915849,63916070,4527,193,358
0,0.249512,25,358.439941
1,63914110,63913931,63916085,63915844,4560,194,358
0,0.185059,13,358.374023
1,63914254,63914314,63916214,63916223,4538,195,358
0,-0.011719,15,358.417969
1,63914356,63914210,63916318,63916119,4540,196,358
0,0.034180,27,358.395996
1,63914375,63914182,63916346,63916094,4554,197,358
0,0.119629,17,358.330078
1,63914043,63914012,63916004,63915912,4528,198,358
0,0.205566,9,358.308105
1,63914060,63913986,63916030,63915897,4552,199,358
0,0.136230,20,358.374023
1,63914101,63913957,63916059,63915849,4515,200,358
0,0.240723,7,358.417969
1,63914173,63913882,63916134,63915786,4533,201,358
0,0.205566,11,358.417969
1,63914359,63914199,63916329,63916103,4543,202,358
0,0.326660,20,358.395996
1,63914383,63914173,63916355,63916080,4549,203,358
0,0.251465,24,358.417969
1,63914060,63913993,63916023,63915905,4545,204,358
0,-0.077637,14,358.330078
1,63914015,63914040,63915976,63915944,4533,205,358
0,0.035156,18,358.330078
1,63914157,63913906,63916110,63915802,4514,206,358
0,0.371582,23,358.308105
1,63914371,63914203,63916325,63916101,4518,207,358
0,0.255371,17,358.395996
1,63914349,63914233,63916295,63916127,4504,208,358
0,0.311035,18,358.286133
1,63914093,63913976,63916040,63915880,4516,209,358
0,0.294434,24,358.308105
1,63914347,63914222,63916306,63916109,4511,210,358
0,0.350098,15,358.330078
1,63913986,63914060,63915956,63915972,4553,211,358
0,0.042969,6,358.439941
1,63914072,63913982,63916034,63915885,4533,212,358
0,-0.007812,21,358.395996
1,63914171,63914384,63916144,63916289,4548,213,358
0,0.003906,9,358.395996
1,63914360,63914202,63916326,63916106,4539,214,358
0,0.042969,10,358.286133
1,63914351,63914227,63916301,63916116,4502,215,358
0,0.011719,7,358.286133
1,63913986,63914049,63915967,63915959,4563,216,358
0,0.065918,14,358.330078
1,63914101,63913951,63916065,63915842,4521,217,358
0,-0.007812,5,358.374023
1,63914222,63914351,63916177,63916250,4520,218,358
0,0.182129,21,358.374023
1,63913948,63914110,63915906,63916019,4535,219,358
0,0.453125,34,358.439941
1,63914182,63914373,63916155,63916275,4545,220,358
0,0.322754,8,358.330078
1,63914240,63914314,63916214,63916222,4553,221,358
0,-0.120605,11,358.417969
1,63913994,63914049,63915967,63915947,4540,222,358
0,0.121582,9,358.505859
1,63914173,63913881,63916135,63915781,4529,223,358
0,0.263184,6,358.417969
1,63913906,63914149,63915867,63916048,4527,224,358
0,-0.007812,21,358.395996
1,63914093,63913962,63916054,63915851,4515,225,358
0,0.125488,13,358.439941
1,63914165,63913879,63916137,63915781,4543,226,358
0,0.220215,5,358.395996
1,63913922,63914117,63915899,63916027,4559,227,358
0,0.187012,10,358.395996
1,63914101,63913956,63916060,63915852,4521,228,358
0,0.062012,18,358.374023
1,63914276,63914299,63916229,63916205,4526,229,358
0,0.263184,25,358.286133
1,63914337,63914231,63916297,63916130,4526,230,358
0,0.341309,23,358.374023
1,63913926,63914114,63915902,63916032,4567,231,358
0,-0.062012,21,358.417969
1,63913874,63914181,63915835,63916076,4522,232,358
0,0.231934,20,358.352051
1,63914224,63914351,63916177,63916248,4515,233,358
0,0.177246,13,358.395996
1,63914332,63914234,63916294,63916133,4528,234,358
0,-0.065918,19,358.330078
1,63913887,63914181,63915835,63916085,4518,235,358
0,0.263184,17,358.439941
1,63914105,63913962,63916054,63915845,4494,236,358
0,-0.015625,5,358.439941
1,63914114,63913931,63916085,63915838,4548,237,358
0,0.089355,13,358.374023
1,63914368,63914180,63916348,63916097,4570,238,358
0,0.181152,8,358.395996
1,63914044,63914010,63916006,63915912,4532,239,358
0,0.107910,12,358.439941
1,63914085,63913977,63916039,63915887,4532,240,358
0,0.046875,27,358.439941
1,63914332,63914240,63916288,63916141,4524,241,358
0,-0.023438,17,358.439941
1,63914376,63914171,63916357,63916063,4542,242,358
0,0.251465,10,358.330078
1,63914364,63914195,63916333,63916102,4546,243,358
0,0.064941,7,358.352051
1,63914207,63914364,63916164,63916266,4526,244,358
0,0.003906,22,358.417969
1,63914241,63914319,63916209,63916228,4547,245,358
0,0.372559,23,358.395996
1,63914317,63914243,63916285,63916153,4548,246,358
0,0.216309,22,358.374023
1,63914110,63913937,63916079,63915842,4543,247,358
0,0.102051,10,358.374023
1,63914071,63913982,63916034,63915881,4529,248,358
0,0.045898,16,358.417969
1,63914335,63914232,63916296,63916136,4533,249,358
0,0.281738,23,358.395996
1,63913937,63914112,63915904,63916021,4546,250,358
0,0.177246,19,358.395996
1,63914110,63913934,63916082,63915836,4543,251,358
0,0.104980,10,358.417969
1,63914032,63914034,63915982,63915939,4521,252,358
0,0.367676,29,358.417969
1,63914370,63914187,63916341,63916081,4533,253,358
0,0.151855,5,358.352051
1,63914360,63914210,63916318,63916103,4516,254,358
0,0.144043,6,358.330078
1,63914046,63914011,63916005,63915907,4521,255,358
0,-0.065918,10,358.330078
1,63914046,63914003,63916013,63915905,4538,256,358
0,0.297363,27,358.330078
1,63914080,63913970,63916046,63915880,4546,257,358
0,0.216309,28,358.374023
1,63914344,63914224,63916304,63916123,4526,258,358
0,0.243652,18,358.461914
1,63914289,63914290,63916238,63916184,4507,259,358
0,0.077637,21,358.352051
1,63914051,63913989,63916027,63915897,4555,260,358
0,0.100098,21,358.352051
1,63914066,63913980,63916036,63915881,4540,261,358
0,0.523438,28,358.395996
1,63913995,63914047,63915969,63915952,4549,262,358
0,0.208496,15,358.352051
1,63914256,63914301,63916227,63916194,4532,263,358
0,0.257324,0,358.308105
1,63914287,63914287,63916241,63916178,4509,264,358
0,0.345215,8,358.308105
1,63913998,63914046,63915970,63915962,4560,265,358
0,0.291504,24,358.374023
1,63914055,63913985,63916031,63915886,4547,266,358
0,0.224121,24,358.330078
1,63914175,63913874,63916142,63915775,4536,267,358
0,-0.145020,13,358.374023
1,63914277,63914296,63916232,63916192,4516,268,358
0,0.293457,20,358.417969
1,63914045,63914013,63916003,63915908,4519,269,358
0,0.188965,9,358.374023
1,63914363,63914212,63916316,63916095,4499,270,358
0,0.214355,4,358.395996
1,63913964,63914092,63915924,63915987,4521,271,358
0,0.470703,22,358.374023
1,63914082,63913979,63916037,63915864,4504,272,358
0,0.093262,12,358.352051
1,63913983,63914058,63915958,63915967,4555,273,358
0,0.123535,11,358.352051
1,63913983,63914067,63915949,63915969,4536,274,358
0,0.391602,9,358.374023
1,63913991,63914056,63915960,63915964,4547,275,358
0,0.112793,8,358.352051
1,63914131,63913918,63916098,63915799,4513,276,358
0,0.433594,18,358.374023
1,63914362,63914208,63916320,63916095,4509,277,358
0,0.253418,5,358.308105
1,63914115,63913912,63916104,63915810,4559,278,358
0,0.181152,13,358.374023
1,63914012,63914045,63915971,63915938,4518,279,358
0,0.072754,8,358.352051
1,63914311,63914240,63916288,63916142,4549,280,358
0,0.363770,22,358.439941
1,63914255,63914308,63916220,63916215,4541,281,358
0,0.119629,19,358.439941
1,63914279,63914291,63916237,63916180,4512,282,358
0,0.210449,11,358.374023
1,63914360,63914197,63916331,63916100,4543,283,358
0,0.188965,7,358.417969
1,63914297,63914271,63916257,63916163,4518,284,358
0,-0.135254,5,358.417969
1,63914031,63914027,63915989,63915919,4515,285,358
0,0.086426,11,358.374023
1,63914385,63914173,63916355,63916080,4547,286,358
0,0.097168,27,358.286133
1,63914312,63914250,63916278,63916156,4541,287,358
0,0.188965,18,358.417969
1,63914068,63913981,63916035,63915874,4527,288,358
0,0.104980,16,358.417969
1,63913994,63914051,63915965,63915959,4549,289,358
0,0.077637,19,358.417969
1,63914353,63914204,63916324,63916103,4539,290,358
0,-0.283691,11,358.352051
1,63914363,63914206,63916322,63916102,4521,291,358
0,0.092285,8,358.308105
1,63914005,63914047,63915969,63915952,4538,292,358
0,0.097168,29,358.417969
1,63913967,63914093,63915923,63915977,4504,293,358
0,0.109863,6,358.483887
1,63914358,63914196,63916332,63916095,4542,294,358
0,-0.255371,7,358.374023
1,63913911,63914137,63915879,63916035,4534,295,358
0,0.069824,13,358.417969
1,63914003,63914054,63915962,63915943,4513,296,358
0,0.300293,19,358.417969
1,63914359,63914199,63916329,63916098,4538,297,358
0,0.185059,18,358.395996
1,63914117,63913916,63916100,63915816,4554,298,358
0,0.089355,17,358.417969
1,63914189,63914355,63916173,63916260,4561,299,358
0,0.046875,19,358.330078
1,63913887,63914156,63915860,63916037,4520,300,358
0,-0.081543,6,358.417969
1,63913906,63914146,63915870,63916038,4522,301,358
0,0.120605,9,358.439941
1,63914144,63913912,63916104,63915803,4516,302,358
0,0.027344,25,358.308105
1,63914188,63914369,63916159,63916263,4533,303,358
0,-0.081543,13,358.439941
1,63914173,63914378,63916150,63916279,4548,304,358
0,0.131348,8,358.352051
1,63913927,63914101,63915915,63916015,4576,305,358
0,0.137207,24,358.461914
1,63914000,63914041,63915975,63915940,4543,306,358
0,-0.019531,13,358.352051
1,63914190,63914365,63916163,63916249,4524,307,358
0,0.171387,8,358.286133
1,63914140,63913897,63916119,63915787,4538,308,358
0,0.081543,14,358.439941
1,63913962,63914091,63915925,63915979,4516,309,358
0,0.019531,19,358.352051
1,63913900,63914161,63915855,63916041,4498,310,358
0,0.192871,7,358.395996
