1,63914340,63913982,63915010,63914604,1515,0,358
0,0.117676,37,358.286133
1,63914365,63913950,63915042,63914561,1510,1,358
0,0.316895,33,358.286133
1,63914110,63914193,63914799,63914814,1536,2,358
0,0.023438,34,358.198242
1,63914086,63914234,63914758,63914846,1506,3,358
0,-0.092285,30,358.264160
1,63914116,63914195,63914797,63914816,1527,4,358
0,0.154785,26,358.264160
1,63914295,63914033,63914959,63914635,1484,5,358
0,0.000000,17,358.264160
1,63913928,63914384,63914608,63915007,1528,6,358
0,-0.062012,36,358.220215
1,63914233,63914092,63914900,63914701,1496,7,358
0,-0.069824,28,358.308105
1,63914311,63913998,63914994,63914618,1528,8,358
0,0.108887,36,358.308105
1,63914328,63913985,63915007,63914605,1523,9,358
0,-0.076660,36,358.264160
1,63914377,63913933,63915059,63914552,1525,10,358
0,-0.143066,31,358.264160
1,63913932,63914372,63914620,63914995,1537,11,358
0,0.124512,30,358.330078
1,63914245,63914062,63914930,63914683,1531,12,358
0,0.123535,36,358.220215
1,63914096,63914226,63914766,63914834,1499,13,358
0,-0.085449,28,358.220215
1,63914103,63914217,63914775,63914823,1499,14,358
0,-0.007812,15,358.286133
1,63914160,63914161,63914831,63914771,1502,15,358
0,-0.023438,27,358.242188
1,63914293,63914031,63914961,63914641,1499,16,358
0,0.042969,31,358.308105
1,63914040,63914285,63914707,63914891,1493,17,358
0,0.139160,27,358.198242
1,63914058,63914256,63914736,63914873,1518,18,358
0,-0.011719,36,358.220215
1,63914272,63914044,63914948,63914661,1516,19,358
0,-0.073730,30,358.308105
1,63913895,63913915,63914565,63914529,1506,20,358
0,-0.068848,28,358.308105
1,63913983,63914334,63914658,63914951,1515,21,358
0,0.003906,34,358.220215
1,63913933,63914373,63914619,63914995,1534,22,358
0,-0.181152,35,358.352051
1,63914160,63914174,63914818,63914781,1483,23,358
0,-0.265137,23,358.308105
1,63914263,63914048,63914944,63914674,1533,24,358
0,0.113770,38,358.374023
1,63914344,63913978,63915014,63914589,1502,25,358
0,0.220215,27,358.242188
1,63914177,63914131,63914861,63914752,1530,26,358
0,0.321777,32,358.176270
1,63914118,63914193,63914799,63914817,1530,27,358
0,-0.015625,31,358.242188
1,63914274,63914047,63914945,63914667,1514,28,358
0,-0.108887,36,358.286133
1,63914245,63914063,63914929,63914688,1535,29,358
0,0.224121,24,358.220215
1,63914075,63914239,63914753,63914859,1522,30,358
0,0.040039,39,358.286133
1,63913986,63914330,63914662,63914950,1520,31,358
0,0.089355,23,358.242188
1,63914006,63914303,63914689,63914926,1531,32,358
0,0.101074,32,358.308105
1,63914257,63914049,63914943,63914668,1530,33,358
0,0.143066,31,358.286133
1,63914351,63913973,63915019,63914580,1495,34,358
0,0.042969,26,358.220215
1,63913921,63913884,63914596,63914501,1515,35,358
0,-0.003906,30,358.220215
1,63914381,63913928,63915064,63914549,1529,36,358
0,0.080566,32,358.242188
1,63914340,63913985,63915007,63914599,1502,37,358
0,0.316895,32,358.220215
1,63914306,63914007,63914985,63914626,1522,38,358
0,0.022461,25,358.264160
1,63914178,63914134,63914858,63914757,1528,39,358
0,-0.205566,35,358.242188
1,63914041,63914287,63914705,63914893,1489,40,358
0,-0.069824,14,358.198242
1,63914175,63914138,63914854,63914759,1524,41,358
0,0.007812,29,358.286133
1,63914091,63914231,63914761,63914846,1507,42,358
0,-0.007812,27,358.264160
1,63913969,63914355,63914637,63914966,1500,43,358
0,0.150879,27,358.242188
1,63913917,63913886,63914594,63914502,1516,44,358
0,0.089355,32,358.264160
1,63913986,63914323,63914669,63914947,1533,45,358
0,0.198730,33,358.308105
1,63914069,63914240,63914752,63914858,1525,46,358
0,0.069824,34,358.220215
1,63914304,63914011,63914981,63914626,1515,47,358
0,0.119629,25,358.264160
1,63914308,63914008,63914984,63914629,1521,48,358
0,0.108887,34,358.308105
1,63914005,63914301,63914691,63914924,1535,49,358
0,-0.108887,32,358.220215
1,63913967,63914357,63914635,63914967,1499,50,358
0,-0.247559,17,358.220215
1,63914122,63914188,63914804,63914807,1525,51,358
0,0.093262,31,358.308105
1,63913931,63914376,63914616,63915004,1540,52,358
0,-0.139160,37,358.220215
1,63913982,63914332,63914660,63914951,1521,53,358
0,0.070801,30,358.286133
1,63914291,63914029,63914963,63914640,1504,54,358
0,0.084473,27,358.176270
1,63914301,63914016,63914976,63914626,1507,55,358
0,0.362793,34,358.220215
1,63914291,63914034,63914958,63914635,1487,56,358
0,0.101074,16,358.264160
1,63914011,63914305,63914687,63914932,1528,57,358
0,0.074707,41,358.220215
1,63914114,63914184,63914808,63914802,1538,58,358
0,0.019531,30,358.242188
1,63913982,63914328,63914664,63914949,1528,59,358
0,0.120605,30,358.264160
1,63913998,63914312,63914680,63914937,1533,60,358
0,0.081543,35,358.198242
1,63914181,63914129,63914863,63914749,1527,61,358
0,-0.208496,37,358.176270
1,63913980,63914346,63914646,63914954,1494,62,358
0,0.112793,28,358.176270
1,63914019,63914297,63914695,63914905,1506,63,358
0,-0.120605,20,358.176270
1,63914375,63913929,63915063,63914552,1537,64,358
0,-0.011719,38,358.198242
1,63913977,63914341,63914651,63914958,1514,65,358
0,-0.011719,29,358.176270
1,63914056,63914249,63914743,63914879,1544,66,358
0,-0.039062,39,358.176270
1,63914303,63914008,63914984,63914627,1524,67,358
0,0.202637,37,358.286133
1,63913932,63914373,63914619,63915002,1543,68,358
0,-0.089355,35,358.308105
1,63914269,63914043,63914949,63914654,1514,69,358
0,0.154785,29,358.220215
1,63914264,63914045,63914947,63914666,1529,70,358
0,0.181152,34,358.220215
1,63913893,63913912,63914568,63914516,1500,71,358
0,0.073730,24,358.176270
1,63914000,63914317,63914675,63914937,1518,72,358
0,-0.062012,31,358.330078
1,63914305,63914012,63914980,63914627,1513,73,358
0,0.015625,25,358.220215
1,63914290,63914037,63914955,63914641,1488,74,358
0,0.077637,24,358.198242
1,63913986,63914323,63914669,63914946,1531,75,358
0,0.030273,34,358.264160
1,63914243,63914060,63914932,63914689,1545,76,358
0,-0.073730,38,358.286133
1,63914229,63914094,63914898,63914704,1500,77,358
0,0.019531,25,358.198242
1,63914267,63914050,63914942,63914669,1517,78,358
0,0.035156,35,358.286133
1,63914294,63914030,63914962,63914637,1495,79,358
0,-0.197754,28,358.198242
1,63914340,63913985,63915007,63914602,1506,80,358
0,0.046875,33,358.154297
1,63913986,63914323,63914669,63914948,1534,81,358
0,0.039062,31,358.220215
1,63913901,63913913,63914567,63914513,1484,82,358
0,0.073730,21,358.264160
1,63913882,63913920,63914560,63914543,1525,83,358
0,-0.042969,35,358.176270
1,63914102,63914219,63914773,63914827,1500,84,358
0,0.047852,29,358.286133
1,63914296,63914015,63914977,63914629,1518,85,358
0,0.065918,19,358.220215
1,63914294,63914025,63914967,63914632,1501,86,358
0,0.100098,15,358.154297
1,63914232,63914100,63914892,63914707,1486,87,358
0,-0.061035,30,358.220215
1,63914206,63914111,63914881,63914730,1517,88,358
0,-0.084473,33,358.330078
1,63914293,63914035,63914957,63914648,1497,89,358
0,0.036133,33,358.308105
1,63914185,63914132,63914860,63914752,1518,90,358
0,-0.072754,41,358.198242
1,63913965,63914357,63914635,63914968,1502,91,358
0,0.077637,25,358.286133
1,63914001,63914315,63914677,63914935,1520,92,358
0,0.189941,37,358.220215
1,63913939,63914368,63914624,63914985,1527,93,358
0,0.192871,29,358.308105
1,63914052,63914252,63914740,63914873,1535,94,358
0,0.084473,35,358.286133
1,63913914,63913898,63914582,63914507,1497,95,358
0,0.023438,29,358.352051
1,63914020,63914299,63914693,63914916,1513,96,358
0,0.192871,31,358.154297
1,63914215,63914103,63914889,63914716,1509,97,358
0,-0.135254,27,358.264160
1,63914049,63914257,63914735,63914878,1533,98,358
0,-0.136230,30,358.264160
1,63913919,63913878,63914602,63914498,1528,99,358
0,-0.140137,35,358.198242
1,63914048,63914273,63914719,63914886,1506,100,358
0,-0.107910,24,358.176270
1,63913959,63914364,63914628,63914978,1504,101,358
0,0.003906,28,358.264160
1,63914020,63914300,63914692,63914916,1510,102,358
0,0.003906,26,358.308105
1,63914050,63914270,63914722,63914884,1508,103,358
0,0.101074,35,358.286133
1,63913937,63914374,63914618,63914999,1531,104,358
0,-0.081543,35,358.198242
1,63913928,63914374,63914618,63915006,1550,105,358
0,-0.046875,38,358.198242
1,63913923,63914384,63914608,63915005,1531,106,358
0,-0.183105,37,358.154297
1,63913878,63913919,63914561,63914544,1534,107,358
0,-0.042969,37,358.220215
1,63914304,63914025,63914967,63914627,1483,108,358
0,0.131348,34,358.220215
1,63914289,63914033,63914959,63914641,1499,109,358
0,0.144043,27,358.198242
1,63914101,63914225,63914767,63914827,1487,110,358
0,0.231934,26,358.308105
1,63914108,63914206,63914786,63914824,1520,111,358
0,-0.104980,31,358.242188
1,63913971,63914357,63914635,63914968,1495,112,358
0,0.042969,28,358.242188
1,63914100,63914225,63914767,63914835,1497,113,358
0,0.030273,28,358.264160
1,63914061,63914253,63914739,63914878,1528,114,358
0,-0.015625,33,358.264160
1,63914147,63914167,63914825,63914787,1522,115,358
0,0.039062,30,358.242188
1,63914160,63914162,63914830,63914771,1500,116,358
0,-0.073730,27,358.286133
1,63914215,63914106,63914886,63914720,1507,117,358
0,0.077637,29,358.242188
1,63914156,63914169,63914823,63914775,1493,118,358
0,0.115723,24,358.220215
1,63914288,63914039,63914953,63914641,1486,119,358
0,0.046875,25,358.264160
1,63913927,63914383,63914609,63915000,1523,120,358
0,0.243652,31,358.242188
1,63914051,63914260,63914732,63914885,1531,121,358
0,0.116699,30,358.374023
1,63914217,63914103,63914889,63914708,1497,122,358
0,0.204590,24,358.352051
1,63914316,63913999,63914993,63914624,1527,123,358
0,0.410156,42,358.286133
1,63914040,63914287,63914705,63914897,1495,124,358
0,-0.031250,32,358.242188
1,63914016,63914301,63914691,63914914,1510,125,358
0,-0.124512,24,358.264160
1,63914195,63914114,63914878,63914742,1537,126,358
0,-0.120605,36,358.176270
1,63913893,63913911,63914569,63914513,1499,127,358
0,0.173340,19,358.286133
1,63913931,63914369,63914623,63914998,1549,128,358
0,0.109863,36,358.154297
1,63914217,63914103,63914889,63914718,1509,129,358
0,-0.003906,27,358.220215
1,63914212,63914104,63914888,63914721,1516,130,358
0,0.000000,31,358.308105
1,63913972,63914353,63914639,63914960,1494,131,358
0,0.112793,30,358.286133
1,63914186,63914115,63914877,63914737,1540,132,358
0,0.140137,33,358.352051
1,63914117,63914190,63914802,63914812,1533,133,358
0,-0.072754,31,358.286133
1,63914294,63914028,63914964,63914637,1500,134,358
0,0.093262,33,358.198242
1,63914046,63914261,63914731,63914884,1534,135,358
0,-0.007812,37,358.220215
1,63913928,63914374,63914618,63914994,1536,136,358
0,0.186035,30,358.220215
1,63914253,63914050,63914942,63914672,1537,137,358
0,0.031250,34,358.264160
1,63914220,63914101,63914891,63914717,1509,138,358
0,0.173340,31,358.264160
1,63913978,63914344,63914648,63914957,1504,139,358
0,-0.046875,30,358.264160
1,63914001,63914315,63914677,63914937,1522,140,358
0,0.128418,38,358.264160
1,63914092,63914229,63914763,63914830,1491,141,358
0,0.267090,26,358.242188
1,63914081,63914234,63914758,63914841,1506,142,358
0,0.136230,32,358.176270
1,63914138,63914175,63914817,63914790,1517,143,358
0,-0.035156,32,358.264160
1,63914294,63914034,63914958,63914647,1497,144,358
0,-0.116699,32,358.176270
1,63914037,63914284,63914708,63914894,1502,145,358
0,0.097168,26,358.176270
1,63914182,63914120,63914872,63914746,1543,146,358
0,-0.019531,36,358.242188
1,63913970,63914347,63914645,63914954,1503,147,358
0,-0.151855,26,358.374023
1,63914112,63914197,63914795,63914812,1522,148,358
0,0.108887,28,358.220215
1,63914235,63914075,63914917,63914689,1520,149,358
0,0.146973,20,358.044434
1,63914068,63914239,63914753,63914856,1527,150,358
0,0.011719,36,358.264160
1,63914354,63913972,63915020,63914570,1482,151,358
0,-0.085449,13,358.330078
1,63914221,63914103,63914889,63914718,1504,152,358
0,-0.023438,30,358.242188
1,63914065,63914246,63914746,63914866,1525,153,358
0,0.035156,39,358.264160
1,63913989,63914323,63914669,63914939,1520,154,358
0,-0.082520,33,358.330078
1,63914287,63914031,63914961,63914641,1506,155,358
0,-0.085449,31,358.286133
1,63913926,63913876,63914604,63914497,1523,156,358
0,0.124512,36,358.176270
1,63914094,63914224,63914768,63914829,1500,157,358
0,0.144043,27,358.308105
1,63914009,63914305,63914687,63914928,1525,158,358
0,0.136230,37,358.220215
1,63914360,63913958,63915034,63914566,1503,159,358
0,-0.068848,33,358.374023
1,63914296,63914027,63914965,63914631,1493,160,358
0,0.081543,29,358.286133
1,63914198,63914111,63914881,63914727,1523,161,358
0,0.139160,31,358.220215
1,63914382,63913923,63915069,63914544,1534,162,358
0,-0.076660,36,358.220215
1,63914284,63914038,63914954,63914642,1494,163,358
0,-0.113770,20,358.220215
1,63914108,63914206,63914786,63914817,1511,164,358
0,-0.007812,31,358.220215
1,63914245,63914058,63914934,63914680,1537,165,358
0,0.132324,37,358.132324
1,63914116,63914181,63914811,63914803,1544,166,358
0,0.062012,38,358.395996
1,63914305,63914007,63914985,63914622,1518,167,358
0,-0.198730,21,358.308105
1,63914187,63914125,63914867,63914747,1527,168,358
0,0.120605,40,358.242188
1,63914036,63914284,63914708,63914887,1495,169,358
0,0.068848,17,358.242188
1,63914305,63914005,63914987,63914623,1524,170,358
0,0.007812,39,358.330078
1,63914300,63914017,63914975,63914627,1507,171,358
0,0.027344,31,358.374023
1,63914146,63914167,63914825,63914779,1514,172,358
0,0.205566,32,358.286133
1,63914164,63914160,63914832,63914766,1494,173,358
0,-0.069824,29,358.242188
1,63914080,63914234,63914758,63914852,1520,174,358
0,0.032227,40,358.286133
1,63913933,63914375,63914617,63914997,1531,175,358
0,-0.116699,35,358.176270
1,63914188,63914118,63914874,63914739,1533,176,358
0,-0.003906,34,358.220215
1,63913946,63914366,63914626,63914985,1523,177,358
0,0.015625,29,358.286133
1,63914138,63914171,63914821,63914784,1520,178,358
0,0.124512,33,358.198242
1,63914054,63914255,63914737,63914878,1531,179,358
0,0.068848,38,358.352051
1,63914348,63913977,63915015,63914577,1486,180,358
0,0.236816,26,358.286133
1,63914237,63914077,63914915,63914692,1516,181,358
0,0.003906,37,358.308105
1,63914237,63914081,63914911,63914694,1509,182,358
0,-0.026367,35,358.308105
1,63914290,63914036,63914956,63914642,1491,183,358
0,-0.097168,27,358.242188
1,63914269,63914046,63914946,63914667,1522,184,358
0,0.039062,36,358.286133
1,63914240,63914076,63914916,63914687,1509,185,358
0,0.169434,32,358.264160
1,63913931,63914376,63914616,63914993,1527,186,358
0,-0.062012,33,358.220215
1,63914274,63914043,63914949,63914658,1513,187,358
0,0.245605,34,358.176270
1,63914043,63914280,63914712,63914886,1495,188,358
0,-0.107910,29,358.220215
1,63914113,63914190,63914802,63914810,1535,189,358
0,-0.023438,36,358.286133
1,63914316,63913986,63915006,63914612,1543,190,358
0,-0.104980,32,358.286133
1,63913930,63914371,63914621,63914994,1541,191,358
0,-0.204590,32,358.176270
1,63914163,63914162,63914830,63914770,1495,192,358
0,0.155762,21,358.308105
1,63913924,63914381,63914611,63915002,1534,193,358
0,0.019531,32,358.154297
1,63914238,63914070,63914922,63914689,1528,194,358
0,0.151855,37,358.154297
1,63914140,63914169,63914823,63914775,1511,195,358
0,-0.027344,18,358.220215
1,63914021,63914300,63914692,63914916,1509,196,358
0,-0.023438,32,358.154297
1,63914132,63914178,63914814,63914802,1531,197,358
0,0.171387,40,358.264160
1,63914002,63914302,63914690,63914921,1533,198,358
0,0.216309,33,358.242188
1,63914303,63914022,63914970,63914632,1497,199,358
0,-0.116699,34,358.176270
1,63914006,63914304,63914688,63914930,1534,200,358
0,-0.120605,36,358.220215
1,63914158,63914160,63914832,63914762,1496,201,358
0,-0.011719,16,358.286133
1,63914303,63914011,63914981,63914627,1517,202,358
0,0.032227,33,358.242188
1,63914132,63914177,63914815,63914799,1530,203,358
0,-0.069824,29,358.264160
1,63914262,63914048,63914944,63914663,1521,204,358
0,0.081543,31,358.308105
1,63913874,63913923,63914557,63914546,1531,205,358
0,-0.108887,37,358.220215
1,63914198,63914109,63914883,63914730,1531,206,358
0,0.076660,35,358.286133
1,63914028,63914295,63914697,63914907,1502,207,358
0,0.187012,31,358.286133
1,63914264,63914046,63914946,63914674,1536,208,358
0,0.030273,37,358.264160
1,63913878,63913922,63914558,63914549,1533,209,358
0,0.023438,40,358.220215
1,63914104,63914224,63914768,63914827,1486,210,358
0,0.154785,31,358.264160
1,63914186,63914124,63914868,63914748,1531,211,358
0,-0.027344,38,358.374023
1,63913910,63913896,63914584,63914507,1507,212,358
0,-0.081543,30,358.176270
1,63914011,63914304,63914688,63914925,1522,213,358
0,0.069824,30,358.242188
1,63914230,63914095,63914897,63914703,1495,214,358
0,0.175293,32,358.374023
1,63913888,63913913,63914567,63914530,1520,215,358
0,0.039062,32,358.308105
1,63914005,63914304,63914688,63914924,1528,216,358
0,-0.140137,35,358.308105
1,63913926,63914381,63914611,63915005,1535,217,358
0,-0.206543,30,358.242188
1,63914125,63914182,63914810,63914800,1528,218,358
0,-0.027344,29,358.264160
1,63914351,63913977,63915015,63914581,1487,219,358
0,0.216309,27,358.242188
1,63914368,63913944,63915048,63914561,1521,220,358
0,-0.115723,35,358.176270
1,63914365,63913953,63915039,63914569,1513,221,358
0,0.124512,31,358.220215
1,63913936,63914368,63914624,63914992,1538,222,358
0,0.132324,34,358.176270
1,63914304,63914008,63914984,63914624,1520,223,358
0,-0.035156,24,358.176270
1,63913979,63914345,63914647,63914953,1496,224,358
0,0.069824,28,358.308105
1,63914144,63914171,63914821,63914783,1511,225,358
0,-0.198730,22,358.264160
1,63913890,63913916,63914564,63914532,1513,226,358
0,0.093262,32,358.264160
1,63914007,63914302,63914690,63914923,1529,227,358
0,-0.023438,29,358.242188
1,63914233,63914089,63914903,63914701,1503,228,358
0,0.027344,18,358.286133
1,63914306,63914001,63914991,63914623,1533,229,358
0,0.120605,34,358.264160
1,63914030,63914296,63914696,63914910,1501,230,358
0,-0.062012,30,358.286133
1,63914121,63914187,63914805,63914815,1538,231,358
0,0.137207,40,358.264160
1,63914155,63914166,63914826,63914769,1494,232,358
0,0.124512,24,358.176270
1,63914385,63913917,63915075,63914539,1538,233,358
0,-0.202637,34,358.330078
1,63913942,63914366,63914626,63914985,1528,234,358
0,-0.023438,29,358.264160
1,63914240,63914069,63914923,63914689,1528,235,358
0,0.116699,29,358.308105
1,63914038,63914286,63914706,63914894,1496,236,358
0,0.188965,27,358.352051
1,63914216,63914108,63914884,63914723,1504,237,358
0,-0.209473,29,358.286133
1,63913960,63914361,63914631,63914968,1499,238,358
0,0.155762,23,358.220215
1,63914174,63914140,63914852,63914754,1515,239,358
0,-0.034180,21,358.132324
1,63914080,63914237,63914755,63914843,1502,240,358
0,-0.132324,26,358.176270
1,63914001,63914310,63914682,63914938,1535,241,358
0,-0.081543,37,358.264160
1,63914044,63914275,63914717,63914885,1504,242,358
0,0.120605,27,358.176270
1,63914052,63914254,63914738,63914881,1540,243,358
0,0.171387,34,358.308105
1,63914292,63914027,63914965,63914640,1508,244,358
0,-0.073730,30,358.264160
1,63914272,63914044,63914948,63914665,1521,245,358
0,-0.148926,33,358.242188
1,63914302,63914025,63914967,63914634,1494,246,358
0,-0.312988,28,358.220215
1,63913967,63914358,63914634,63914969,1499,247,358
0,-0.096191,25,358.242188
1,63913916,63913886,63914594,63914498,1513,248,358
0,0.214355,28,358.286133
1,63913998,63914315,63914677,63914941,1530,249,358
0,0.135254,37,358.220215
1,63914184,63914113,63914879,63914744,1555,250,358
0,-0.197754,35,358.286133
1,63914162,63914155,63914837,63914764,1506,251,358
0,-0.039062,20,358.198242
1,63914261,63914047,63914945,63914668,1530,252,358
0,0.023438,32,358.286133
1,63914183,63914125,63914867,63914748,1533,253,358
0,-0.116699,35,358.286133
1,63914297,63914026,63914966,63914639,1503,254,358
0,-0.082520,25,358.198242
1,63914294,63914031,63914961,63914646,1503,255,358
0,0.117676,32,358.286133
1,63913887,63913912,63914568,63914521,1513,256,358
0,0.108887,27,358.154297
1,63914010,63914305,63914687,63914928,1524,257,358
0,0.113770,39,358.176270
1,63914368,63913949,63915043,63914564,1513,258,358
0,-0.121582,17,358.242188
1,63914020,63914298,63914694,63914917,1516,259,358
0,0.123535,31,358.198242
1,63913877,63913918,63914562,63914542,1535,260,358
0,0.125488,37,358.286133
1,63914340,63913985,63915007,63914598,1501,261,358
0,0.340332,35,358.198242
1,63913944,63914366,63914626,63914983,1523,262,358
0,0.027344,29,358.264160
1,63913957,63914364,63914628,63914978,1507,263,358
0,0.289551,29,358.242188
1,63913899,63913914,63914566,63914522,1495,264,358
0,-0.072754,25,358.330078
1,63914100,63914212,63914780,63914825,1516,265,358
0,-0.210449,30,358.330078
1,63914370,63913940,63915052,63914560,1527,266,358
0,-0.090332,39,358.198242
1,63913946,63914367,63914625,63914986,1522,267,358
0,-0.085449,32,358.286133
1,63913992,63914325,63914667,63914943,1516,268,358
0,0.212402,32,358.286133
1,63913972,63914356,63914636,63914962,1489,269,358
0,0.019531,26,358.286133
1,63914118,63914195,63914797,63914816,1524,270,358
0,0.045898,26,358.264160
1,63914030,63914291,63914701,63914900,1501,271,358
0,0.031250,27,358.242188
1,63913940,63914374,63914618,63914994,1522,272,358
0,0.068848,33,358.308105
1,63913876,63913923,63914557,63914542,1524,273,358
0,0.115723,34,358.176270
1,63914315,63914000,63914992,63914620,1521,274,358
0,-0.224121,32,358.242188
1,63913911,63913899,63914581,63914506,1497,275,358
0,0.104004,30,358.198242
1,63913942,63914369,63914623,63914994,1531,276,358
0,0.023438,35,358.110352
1,63914006,63914312,63914680,63914930,1515,277,358
0,0.069824,33,358.264160
1,63913928,63914371,63914621,63915001,1551,278,358
0,-0.251465,39,358.264160
1,63914036,63914292,63914700,63914898,1489,279,358
0,0.041992,25,358.242188
1,63913877,63913919,63914561,63914540,1530,280,358
0,0.003906,28,358.264160
1,63914224,63914103,63914889,63914708,1489,281,358
0,0.035156,17,358.242188
1,63914328,63913989,63915003,63914610,1520,282,358
0,0.065918,33,358.264160
1,63914259,63914054,63914938,63914678,1528,283,358
0,-0.003906,35,358.264160
1,63914189,63914114,63914878,63914744,1547,284,358
0,-0.100098,37,358.242188
1,63914183,63914126,63914866,63914752,1535,285,358
0,0.092285,31,358.220215
1,63914291,63914031,63914961,63914642,1502,286,358
0,-0.019531,29,358.286133
1,63914096,63914228,63914764,63914839,1500,287,358
0,0.007812,25,358.242188
1,63914185,63914122,63914870,63914745,1534,288,358
0,0.150879,24,358.242188
1,63914229,63914101,63914891,63914708,1488,289,358
0,0.169434,25,358.220215
1,63914193,63914118,63914874,63914742,1530,290,358
0,0.128418,32,358.220215
1,63914240,63914073,63914919,63914695,1525,291,358
0,0.078613,27,358.242188
1,63914294,63914029,63914963,63914641,1502,292,358
0,-0.070801,18,358.198242
1,63914339,63913981,63915011,63914585,1496,293,358
0,0.011719,48,358.242188
1,63913965,63914355,63914637,63914962,1500,294,358
0,0.027344,23,358.220215
1,63914298,63914028,63914964,63914641,1500,295,358
0,-0.081543,30,358.308105
1,63914215,63914104,63914888,63914719,1510,296,358
0,0.062012,25,358.220215
1,63914113,63914199,63914793,63914818,1523,297,358
0,0.151855,28,358.286133
1,63914011,63914307,63914685,63914922,1511,298,358
0,0.065918,33,358.330078
1,63914106,63914219,63914773,63914833,1502,299,358
0,0.152832,29,358.264160
1,63914093,63914226,63914766,63914832,1500,300,358
0,-0.104980,26,358.220215
1,63914092,63914230,63914762,63914832,1491,301,358
0,0.247559,19,358.264160
1,63914092,63914228,63914764,63914830,1494,302,358
0,0.188965,26,358.220215
1,63913985,63914338,63914654,63914953,1506,303,358
0,-0.155762,31,358.286133
1,63914203,63914110,63914882,63914728,1521,304,358
0,0.065918,30,358.286133
1,63914235,63914084,63914908,63914694,1504,305,358
0,0.107910,20,358.242188
1,63914171,63914154,63914838,63914763,1496,306,358
0,0.147949,24,358.220215
1,63914194,63914115,63914877,63914743,1537,307,358
0,0.108887,38,358.286133
1,63914170,63914143,63914849,63914758,1517,308,358
0,0.107910,21,358.242188
1,63913955,63914366,63914626,63914982,1509,309,358
0,0.023438,31,358.242188
1,63914080,63914234,63914758,63914843,1509,310,358
0,0.150879,29,358.330078
1,63914041,63914285,63914707,63914896,1497,311,358
0,0.041992,27,358.264160
1,63914238,63914076,63914916,63914692,1517,312,358
0,-0.080566,28,358.308105
1,63913911,63913896,63914584,63914505,1503,313,358
0,0.120605,26,358.242188
1,63914016,63914299,63914693,63914914,1515,314,358
0,0.116699,31,358.264160
1,63914280,63914040,63914952,63914655,1509,315,358
0,-0.120605,30,358.242188
1,63913972,63914354,63914638,63914964,1496,316,358
0,-0.023438,30,358.220215
1,63914013,63914308,63914684,63914926,1511,317,358
0,0.144043,35,358.198242
1,63914110,63914200,63914792,63914817,1523,318,358
0,0.140137,34,358.286133
1,63914349,63913973,63915019,63914579,1496,319,358
0,0.003906,26,358.220215
1,63914101,63914219,63914773,63914826,1500,320,358
0,0.011719,30,358.242188
1,63914300,63914026,63914966,63914628,1487,321,358
0,0.065918,26,358.220215
1,63913910,63913895,63914585,63914504,1506,322,358
0,0.104980,18,358.242188
1,63914047,63914261,63914731,63914882,1530,323,358
0,-0.026367,37,358.286133
1,63914122,63914178,63914814,63914806,1548,324,358
0,-0.101074,37,358.264160
1,63914112,63914203,63914789,63914819,1516,325,358
0,0.081543,37,358.286133
1,63914117,63914190,63914802,63914812,1533,326,358
0,-0.128418,38,358.198242
1,63914294,63914028,63914964,63914632,1494,327,358
0,0.224121,26,358.264160
1,63914022,63914302,63914690,63914920,1508,328,358
0,-0.069824,33,358.330078
1,63913956,63914364,63914628,63914984,1515,329,358
0,0.000000,32,358.220215
1,63914016,63914304,63914688,63914925,1516,330,358
0,0.031250,34,358.220215
1,63913983,63914334,63914658,63914951,1515,331,358
0,-0.039062,30,358.286133
1,63914008,63914304,63914688,63914931,1533,332,358
0,-0.116699,36,358.220215
1,63914009,63914303,63914689,63914920,1521,333,358
0,0.192871,30,358.198242
1,63914185,63914121,63914871,63914745,1536,334,358
0,-0.035156,38,358.330078
1,63913976,63914350,63914642,63914960,1496,335,358
0,0.119629,33,358.286133
1,63914366,63913949,63915043,63914566,1517,336,358
0,-0.229980,30,358.198242
1,63914289,63914038,63914954,63914650,1497,337,358
0,-0.226074,28,358.198242
1,63914366,63913949,63915043,63914566,1517,338,358
0,0.144043,33,358.308105
1,63913944,63914367,63914625,63914986,1524,339,358
0,-0.042969,27,358.220215
1,63913941,63914368,63914624,63914990,1530,340,358
0,-0.170410,34,358.242188
1,63914178,63914127,63914865,63914752,1538,341,358
0,-0.011719,23,358.220215
1,63914201,63914110,63914882,63914731,1527,342,358
0,0.062012,32,358.286133
1,63914303,63914016,63914976,63914628,1507,343,358
0,0.027344,35,358.242188
1,63914355,63913969,63915023,63914570,1488,344,358
0,-0.003906,17,358.330078
1,63914237,63914080,63914912,63914692,1509,345,358
0,0.108887,30,358.286133
1,63914136,63914171,63914821,63914790,1529,346,358
0,-0.039062,35,358.286133
1,63914297,63914020,63914972,63914630,1507,347,358
0,-0.104980,29,358.264160
1,63914138,63914174,63914818,63914784,1513,348,358
0,-0.046875,28,358.308105
1,63913922,63914376,63914616,63915002,1548,349,358
0,-0.089355,33,358.330078
1,63914155,63914165,63914827,63914772,1500,350,358
0,0.104980,32,358.308105
1,63914236,63914071,63914921,63914690,1529,351,358
0,-0.035156,33,358.154297
1,63914269,63914047,63914945,63914661,1513,352,358
0,0.297363,32,358.352051
1,63913894,63913915,63914565,63914517,1493,353,358
0,-0.062012,28,358.264160
1,63913905,63913893,63914587,63914502,1514,354,358
0,-0.117676,17,358.286133
1,63914059,63914251,63914741,63914874,1530,355,358
0,-0.077637,43,358.220215
1,63914113,63914199,63914793,63914816,1521,356,358
0,-0.031250,39,358.286133
1,63914161,63914158,63914834,63914760,1495,357,358
0,0.084473,31,358.286133
