1,63914093,63913991,63915001,63914864,2088,0,358
0,0.023438,27,358.395996
1,63914152,63913931,63915061,63914803,2088,1,358
0,0.023438,27,358.308105
1,63914225,63914366,63915138,63915241,2097,2,358
0,0.046875,28,358.330078
1,63914173,63913914,63915078,63914774,2070,3,358
0,-0.132324,20,358.330078
1,63914053,63914030,63914962,63914884,2067,4,358
0,-0.249512,14,358.352051
1,63914019,63914055,63914937,63914932,2105,5,358
0,-0.170410,28,358.352051
1,63913997,63914084,63914908,63914950,2084,6,358
0,-0.175293,25,358.330078
1,63914030,63914050,63914942,63914923,2093,7,358
0,-0.065918,27,358.439941
1,63914054,63914024,63914968,63914886,2083,8,358
0,-0.201660,13,358.308105
1,63914128,63913956,63915036,63914814,2071,9,358
0,0.046875,22,358.395996
1,63914042,63914040,63914952,63914904,2080,10,358
0,-0.281738,17,358.330078
1,63913956,63914127,63914865,63915002,2092,11,358
0,-0.045898,30,358.417969
1,63914026,63914051,63914941,63914930,2104,12,358
0,-0.111816,26,358.395996
1,63913979,63914108,63914884,63914979,2083,13,358
0,-0.205566,25,358.242188
1,63913920,63914168,63914824,63915020,2059,14,358
0,-0.015625,15,358.308105
1,63913980,63914104,63914888,63914968,2078,15,358
0,-0.245605,19,358.330078
1,63914001,63914085,63914907,63914947,2073,16,358
0,-0.011719,21,358.395996
1,63914363,63914235,63915269,63915093,2069,17,358
0,0.193848,16,358.308105
1,63914304,63914288,63915216,63915148,2078,18,358
0,-0.283691,28,358.264160
1,63914177,63913901,63915091,63914759,2078,19,358
0,-0.243652,18,358.286133
1,63914186,63913896,63915096,63914754,2073,20,358
0,-0.062012,18,358.308105
1,63914207,63914379,63915125,63915261,2111,21,358
0,-0.222168,32,358.264160
1,63914284,63914307,63915197,63915183,2098,22,358
0,-0.062012,27,358.395996
1,63914353,63914241,63915263,63915111,2087,23,358
0,-0.309082,28,358.308105
1,63914362,63914236,63915268,63915095,2070,24,358
0,0.100098,18,358.395996
1,63914310,63914288,63915216,63915145,2067,25,358
0,-0.081543,18,358.308105
1,63914198,63914385,63915119,63915262,2108,26,358
0,-0.015625,26,358.330078
1,63914319,63914276,63915228,63915140,2079,27,358
0,0.023438,22,358.286133
1,63913925,63914164,63914828,63915011,2052,28,358
0,0.031250,18,358.461914
1,63913928,63914159,63914833,63915016,2066,29,358
0,0.089355,15,358.395996
1,63913984,63914096,63914896,63914951,2072,30,358
0,-0.128418,4,358.374023
1,63914359,63914237,63915267,63915099,2076,31,358
0,0.151855,17,358.308105
1,63913954,63914129,63914863,63915000,2087,32,358
0,0.027344,21,358.308105
1,63914341,63914260,63915244,63915131,2080,33,358
0,-0.046875,29,358.352051
1,63914240,63914360,63915144,63915218,2066,34,358
0,0.177246,16,358.286133
1,63914300,63914297,63915207,63915155,2070,35,358
0,-0.073730,15,358.330078
1,63914295,63914302,63915202,63915171,2083,36,358
0,-0.169434,19,358.220215
1,63914188,63913893,63915099,63914756,2080,37,358
0,-0.148926,19,358.286133
1,63914157,63913920,63915072,63914796,2100,38,358
0,-0.133301,33,358.395996
1,63914078,63914010,63914982,63914879,2079,39,358
0,0.007812,28,358.352051
1,63914112,63913967,63915025,63914823,2074,40,358
0,-0.112793,19,358.286133
1,63914142,63913930,63915062,63914802,2101,41,358
0,0.101074,23,358.417969
1,63914098,63913987,63915005,63914854,2080,42,358
0,-0.127441,26,358.352051
1,63914116,63913965,63915027,63914821,2072,43,358
0,-0.185059,19,358.330078
1,63914094,63913988,63915004,63914863,2093,44,358
0,-0.231934,34,358.286133
1,63914019,63914066,63914926,63914938,2086,45,358
0,-0.107910,24,358.330078
1,63913919,63914162,63914830,63915017,2071,46,358
0,-0.023438,7,358.395996
1,63914001,63914085,63914907,63914945,2071,47,358
0,-0.031250,21,358.395996
1,63913963,63914126,63914866,63914993,2076,48,358
0,0.073730,29,358.264160
1,63914369,63914231,63915273,63915083,2059,49,358
0,-0.015625,14,358.374023
1,63913962,63914116,63914876,63914994,2101,50,358
0,-0.070801,29,358.308105
1,63913970,63914111,63914881,63914985,2093,51,358
0,0.170410,25,358.308105
1,63913987,63914099,63914893,63914955,2066,52,358
0,-0.307129,13,358.286133
1,63913949,63914126,63914866,63915006,2107,53,358
0,-0.062012,30,358.417969
1,63913982,63914106,63914886,63914968,2071,54,358
0,0.015625,19,358.330078
1,63913965,63914114,63914878,63914992,2100,55,358
0,-0.046875,30,358.308105
1,63914376,63914203,63915301,63915073,2105,56,358
0,-0.003906,12,358.286133
1,63913932,63914155,63914837,63915010,2064,57,358
0,0.079590,18,358.308105
1,63914359,63914236,63915268,63915100,2079,58,358
0,-0.278809,29,358.352051
1,63914332,63914266,63915238,63915131,2077,59,358
0,0.097168,30,358.330078
1,63914358,63914238,63915266,63915102,2078,60,358
0,0.085449,22,358.439941
1,63913919,63914159,63914833,63915016,2077,61,358
0,-0.325684,11,358.395996
1,63913967,63914116,63914876,63914987,2087,62,358
0,0.000000,24,358.330078
1,63913905,63914181,63914811,63915051,2083,63,358
0,-0.007812,26,358.330078
1,63914031,63914049,63914943,63914928,2100,64,358
0,-0.257324,34,358.374023
1,63914157,63913927,63915065,63914790,2077,65,358
0,0.085449,21,358.330078
1,63914207,63914376,63915128,63915252,2107,66,358
0,0.088379,20,358.374023
1,63914239,63914357,63915147,63915215,2071,67,358
0,-0.312988,19,358.374023
1,63914110,63913980,63915012,63914826,2050,68,358
0,-0.031250,12,358.330078
1,63914055,63914033,63914959,63914884,2058,69,358
0,-0.127441,9,358.286133
1,63914080,63914003,63914989,63914871,2084,70,358
0,0.077637,25,358.330078
1,63914011,63914059,63914933,63914935,2108,71,358
0,0.007812,32,358.330078
1,63914045,63914037,63914955,63914899,2078,72,358
0,0.007812,19,358.417969
1,63914086,63913992,63915000,63914867,2098,73,358
0,-0.181152,26,358.352051
1,63914053,63914033,63914959,63914887,2064,74,358
0,0.039062,14,358.374023
1,63914013,63914065,63914927,63914941,2099,75,358
0,0.042969,23,358.308105
1,63914169,63913914,63915078,63914774,2074,76,358
0,-0.188965,12,358.352051
1,63914217,63914369,63915135,63915242,2100,77,358
0,0.011719,24,358.330078
1,63914253,63914346,63915158,63915206,2070,78,358
0,-0.291504,26,358.264160
1,63914334,63914255,63915249,63915131,2100,79,358
0,-0.062012,26,358.330078
1,63913968,63914111,63914881,63914988,2099,80,358
0,-0.233887,35,358.352051
1,63914139,63913932,63915060,63914807,2106,81,358
0,-0.283691,37,358.242188
1,63914173,63913914,63915078,63914775,2071,82,358
0,-0.231934,24,358.395996
1,63914111,63913972,63915020,63914829,2071,83,358
0,-0.181152,14,358.330078
1,63914139,63913938,63915054,63914810,2096,84,358
0,0.107910,28,358.330078
1,63914167,63913919,63915073,63914781,2073,85,358
0,-0.129395,28,358.352051
1,63914106,63913976,63915016,63914831,2070,86,358
0,0.069824,13,358.330078
1,63914157,63913926,63915066,63914793,2083,87,358
0,0.205566,22,358.264160
1,63914276,63914308,63915196,63915185,2107,88,358
0,0.066895,21,358.330078
1,63913883,63914188,63914804,63915064,2107,89,358
0,0.007812,35,358.439941
1,63913975,63914111,63914881,63914976,2077,90,358
0,0.015625,21,358.352051
1,63914140,63913939,63915053,63914803,2084,91,358
0,-0.128418,28,358.330078
1,63914246,63914350,63915154,63915209,2072,92,358
0,-0.206543,21,358.352051
1,63914289,63914306,63915198,63915180,2091,93,358
0,-0.192871,31,358.286133
1,63914246,63914350,63915154,63915209,2072,94,358
0,-0.030273,10,358.286133
1,63913890,63914190,63914802,63915063,2093,95,358
0,-0.186035,36,358.264160
1,63914026,63914058,63914934,63914934,2092,96,358
0,-0.086426,33,358.220215
1,63914094,63913991,63915001,63914867,2091,97,358
0,-0.237793,35,358.308105
1,63914161,63913920,63915072,63914789,2087,98,358
0,-0.181152,28,358.308105
1,63914315,63914277,63915227,63915139,2080,99,358
0,0.127441,19,358.417969
1,63913923,63914167,63914825,63915012,2049,100,358
0,-0.035156,19,358.286133
1,63913971,63914109,63914883,63914980,2091,101,358
0,-0.007812,22,358.286133
1,63914047,63914037,63914955,63914890,2065,102,358
0,0.000000,16,358.352051
1,63914021,63914057,63914935,63914931,2097,103,358
0,0.003906,28,358.286133
1,63914150,63913929,63915063,63914798,2090,104,358
0,0.107910,28,358.439941
1,63914177,63913917,63915075,63914775,2059,105,358
0,-0.204590,15,358.286133
1,63914350,63914241,63915263,63915112,2092,106,358
0,-0.011719,26,358.286133
1,63913968,63914113,63914879,63914980,2085,107,358
0,-0.041992,24,358.242188
1,63914005,63914072,63914920,63914947,2099,108,358
0,-0.043945,18,358.308105
1,63914129,63913947,63915045,63914815,2092,109,358
0,-0.204590,24,358.286133
1,63914314,63914281,63915223,63915138,2071,110,358
0,-0.069824,24,358.439941
1,63914297,63914302,63915202,63915169,2078,111,358
0,-0.146973,26,358.374023
1,63913985,63914102,63914890,63914962,2070,112,358
0,-0.212402,16,358.417969
1,63914064,63914022,63914970,63914880,2069,113,358
0,0.042969,20,358.220215
1,63914170,63913918,63915074,63914779,2070,114,358
0,-0.077637,22,358.352051
1,63914371,63914225,63915279,63915079,2066,115,358
0,-0.173340,13,358.330078
1,63913982,63914100,63914892,63914957,2072,116,358
0,0.039062,9,358.352051
1,63914177,63913906,63915086,63914759,2066,117,358
0,-0.003906,15,358.417969
1,63914292,63914304,63915200,63915172,2083,118,358
0,0.123535,26,358.374023
1,63914303,63914290,63915214,63915151,2078,119,358
0,-0.333496,26,358.374023
1,63913956,63914122,63914870,63914995,2096,120,358
0,-0.239746,28,358.417969
1,63914254,63914329,63915175,63915200,2101,121,358
0,0.081543,22,358.352051
1,63914281,63914314,63915190,63915190,2093,122,358
0,-0.096191,35,358.330078
1,63913982,63914102,63914890,63914958,2069,123,358
0,0.209473,13,358.308105
1,63914275,63914314,63915190,63915187,2097,124,358
0,0.101074,30,358.286133
1,63914383,63914207,63915297,63915071,2085,125,358
0,-0.069824,24,358.374023
1,63913920,63914160,63914832,63915014,2071,126,358
0,-0.088379,6,358.308105
1,63914191,63913881,63915111,63914749,2097,127,358
0,-0.124512,19,358.308105
1,63913975,63914110,63914882,63914968,2070,128,358
0,-0.216309,19,358.395996
1,63914174,63913905,63915087,63914765,2079,129,358
0,0.140137,12,358.330078
1,63913957,63914125,63914867,63914989,2080,130,358
0,-0.019531,22,358.308105
1,63914252,63914344,63915160,63915201,2070,131,358
0,0.145020,20,358.374023
1,63913902,63914178,63914814,63915051,2093,132,358
0,-0.231934,29,358.330078
1,63914191,63913882,63915110,63914752,2098,133,358
0,0.097168,21,358.417969
1,63913926,63914148,63914844,63915008,2085,134,358
0,0.208496,17,358.330078
1,63914055,63914025,63914967,63914884,2077,135,358
0,0.027344,21,358.374023
1,63914136,63913937,63915055,63914807,2098,136,358
0,0.155762,28,358.308105
1,63913923,63914164,63914828,63915016,2060,137,358
0,0.027344,10,358.286133
1,63913911,63914172,63914820,63915028,2070,138,358
0,0.170410,17,358.352051
1,63914162,63913918,63915074,63914780,2080,139,358
0,-0.135254,20,358.286133
1,63914142,63913936,63915056,63914802,2087,140,358
0,-0.200684,29,358.352051
1,63913953,63914118,63914874,63914988,2100,141,358
0,0.088379,27,358.308105
1,63914250,63914342,63915162,63915201,2077,142,358
0,0.019531,26,358.286133
1,63914046,63914038,63914954,63914891,2065,143,358
0,-0.200684,20,358.308105
1,63914225,63914375,63915129,63915240,2074,144,358
0,-0.128418,28,358.374023
1,63914235,63914361,63915143,63915216,2067,145,358
0,-0.101074,15,358.417969
1,63914093,63913994,63914998,63914865,2083,146,358
0,-0.231934,35,358.286133
1,63914160,63913921,63915071,63914780,2076,147,358
0,0.132324,19,358.286133
1,63913891,63914183,63914809,63915053,2097,148,358
0,-0.116699,32,358.352051
1,63914246,63914348,63915156,63915202,2069,149,358
0,0.216309,20,358.374023
1,63914015,63914062,63914930,63914929,2090,150,358
0,0.089355,20,358.308105
1,63914047,63914031,63914961,63914888,2077,151,358
0,0.036133,14,358.286133
1,63913975,63914111,63914881,63914976,2077,152,358
0,0.073730,21,358.308105
1,63913924,63914164,63914828,63915014,2057,153,358
0,-0.108887,15,358.286133
1,63914174,63913905,63915087,63914762,2076,154,358
0,-0.096191,21,358.308105
1,63914163,63913921,63915071,63914777,2069,155,358
0,0.064941,19,358.352051
1,63913989,63914089,63914903,63914951,2083,156,358
0,-0.119629,20,358.330078
1,63913957,63914119,63914873,63914997,2104,157,358
0,-0.391602,34,358.308105
1,63913905,63914175,63914817,63915035,2078,158,358
0,-0.251465,23,358.330078
1,63914006,63914070,63914922,63914943,2098,159,358
0,0.124512,29,358.417969
1,63913889,63914183,63914809,63915051,2097,160,358
0,0.081543,24,358.417969
1,63914217,63914372,63915132,63915237,2087,161,358
0,0.085449,23,358.417969
1,63914112,63913971,63915021,63914826,2069,162,358
0,-0.239746,26,358.374023
1,63913983,63914101,63914891,63914954,2065,163,358
0,-0.116699,22,358.286133
1,63914149,63913929,63915063,63914791,2083,164,358
0,0.081543,25,358.374023
1,63914191,63913885,63915107,63914748,2086,165,358
0,0.081543,21,358.330078
1,63914358,63914237,63915267,63915092,2069,166,358
0,0.081543,18,358.330078
1,63914290,63914306,63915198,63915173,2081,167,358
0,0.030273,23,358.374023
1,63914380,63914210,63915294,63915074,2085,168,358
0,-0.194824,32,358.417969
1,63913985,63914098,63914894,63914951,2066,169,358
0,-0.084473,9,358.286133
1,63913973,63914108,63914884,63914967,2076,170,358
0,-0.192871,21,358.264160
1,63913907,63914176,63914816,63915036,2074,171,358
0,-0.085449,21,358.220215
1,63914306,63914289,63915215,63915144,2069,172,358
0,-0.341309,29,358.374023
1,63913903,63914175,63914817,63915039,2085,173,358
0,-0.092285,26,358.352051
1,63913899,63914181,63914811,63915044,2081,174,358
0,-0.046875,23,358.395996
1,63913976,63914104,63914888,63914961,2074,175,358
0,-0.069824,14,358.264160
1,63913885,63914187,63914805,63915055,2097,176,358
0,-0.193848,34,358.286133
1,63914305,63914283,63915221,63915141,2080,177,358
0,-0.092285,10,358.330078
1,63914236,63914357,63915147,63915214,2073,178,358
0,0.150879,15,358.330078
1,63914323,63914269,63915235,63915134,2084,179,358
0,0.035156,22,358.330078
1,63914323,63914268,63915236,63915134,2086,180,358
0,0.101074,25,358.308105
1,63914218,63914370,63915134,63915235,2088,181,358
0,0.019531,23,358.286133
1,63914200,63914383,63915121,63915253,2100,182,358
0,-0.089355,34,358.395996
1,63914244,63914357,63915147,63915207,2056,183,358
0,-0.104980,16,358.242188
1,63914276,63914310,63915194,63915181,2098,184,358
0,-0.315918,29,358.286133
1,63914209,63914383,63915121,63915251,2087,185,358
0,-0.112793,35,358.264160
1,63913880,63914191,63914801,63915061,2100,186,358
0,0.084473,36,358.330078
1,63914085,63913991,63915001,63914859,2092,187,358
0,0.212402,25,358.395996
1,63914086,63913989,63915003,63914854,2090,188,358
0,0.108887,25,358.330078
1,63914009,63914062,63914930,63914935,2104,189,358
0,-0.197754,33,358.352051
1,63913993,63914080,63914912,63914945,2092,190,358
0,-0.115723,27,358.242188
1,63914035,63914046,63914946,63914907,2078,191,358
0,0.000000,18,358.395996
1,63914036,63914045,63914947,63914908,2080,192,358
0,-0.089355,23,358.395996
1,63914049,63914029,63914963,63914886,2077,193,358
0,-0.047852,19,358.374023
1,63914028,63914053,63914939,63914920,2085,194,358
0,0.003906,23,358.330078
1,63914102,63913984,63915008,63914837,2063,195,358
0,-0.085449,21,358.439941
1,63914263,63914325,63915179,63915193,2092,196,358
0,0.140137,21,358.330078
1,63914240,63914357,63915147,63915212,2066,197,358
0,-0.027344,12,358.308105
1,63914085,63913994,63914998,63914867,2094,198,358
0,0.155762,34,358.286133
1,63913890,63914181,63914811,63915048,2097,199,358
0,0.007812,30,358.374023
1,63914063,63914014,63914978,63914881,2090,200,358
0,-0.263184,34,358.308105
1,63914304,63914290,63915214,63915141,2065,201,358
0,0.011719,5,358.308105
1,63914176,63913909,63915083,63914760,2062,202,358
0,-0.150879,16,358.308105
1,63914364,63914232,63915272,63915082,2062,203,358
0,-0.104980,20,358.308105
1,63914006,63914077,63914915,63914941,2079,204,358
0,-0.257324,33,358.286133
1,63914061,63914014,63914978,63914881,2092,205,358
0,0.023438,32,358.308105
1,63914269,63914317,63915187,63915186,2096,206,358
0,-0.187012,24,358.374023
1,63914058,63914025,63914967,63914882,2071,207,358
0,0.073730,28,358.352051
1,63913875,63914190,63914802,63915057,2104,208,358
0,-0.097168,28,358.374023
1,63914301,63914294,63915210,63915147,2066,209,358
0,-0.031250,13,358.417969
1,63914281,63914305,63915199,63915179,2101,210,358
0,-0.104980,35,358.286133
1,63914351,63914241,63915263,63915107,2085,211,358
0,-0.289551,29,358.330078
1,63914133,63913935,63915057,63914802,2100,212,358
0,0.042969,28,358.286133
1,63913987,63914086,63914906,63914948,2088,213,358
0,-0.093262,22,358.330078
1,63913990,63914090,63914902,63914947,2074,214,358
0,-0.267090,27,358.308105
1,63913976,63914101,63914891,63914962,2083,215,358
0,-0.154785,18,358.286133
1,63914039,63914045,63914947,63914896,2063,216,358
0,-0.027344,12,358.242188
1,63914183,63913899,63915093,63914753,2069,217,358
0,0.080566,24,358.330078
1,63914291,63914302,63915202,63915161,2076,218,358
0,0.042969,14,358.330078
1,63913899,63914182,63914810,63915038,2072,219,358
0,0.214355,16,358.352051
1,63914044,63914041,63914951,63914901,2072,220,358
0,-0.204590,22,358.352051
1,63914228,63914365,63915139,63915225,2077,221,358
0,-0.132324,21,358.308105
1,63914206,63914377,63915127,63915247,2100,222,358
0,-0.231934,28,358.198242
1,63913956,63914121,63914871,63914988,2090,223,358
0,0.031250,29,358.374023
1,63913886,63914187,63914805,63915056,2097,224,358
0,-0.181152,32,358.286133
1,63914257,63914327,63915177,63915198,2100,225,358
0,-0.175293,36,358.286133
1,63913918,63914161,63914831,63915013,2070,226,358
0,-0.173340,21,358.330078
1,63914305,63914292,63915212,63915144,2063,227,358
0,0.089355,20,358.242188
1,63914232,63914363,63915141,63915222,2073,228,358
0,-0.229004,26,358.286133
1,63914212,63914380,63915124,63915247,2086,229,358
0,0.065918,27,358.352051
1,63913915,63914169,63914823,63915019,2062,230,358
0,0.112793,11,358.308105
1,63914383,63914201,63915303,63915064,2091,231,358
0,0.101074,28,358.242188
1,63914102,63913983,63915009,63914840,2069,232,358
0,-0.023438,22,358.330078
1,63913913,63914169,63914823,63915020,2065,233,358
0,0.131348,10,358.352051
1,63914202,63914382,63915122,63915249,2096,234,358
0,-0.089355,30,358.330078
1,63914117,63913962,63915030,63914811,2066,235,358
0,0.251465,24,358.308105
1,63914042,63914042,63914950,63914895,2065,236,358
0,0.261230,16,358.330078
1,63914231,63914365,63915139,63915221,2069,237,358
0,0.112793,13,358.330078
1,63914235,63914359,63915145,63915213,2069,238,358
0,-0.015625,25,358.439941
1,63914381,63914199,63915305,63915068,2103,239,358
0,0.089355,25,358.374023
1,63914154,63913925,63915067,63914783,2077,240,358
0,0.224121,22,358.395996
1,63914240,63914358,63915146,63915207,2058,241,358
0,-0.143066,22,358.264160
1,63914307,63914282,63915222,63915140,2079,242,358
0,0.062012,22,358.352051
1,63914370,63914224,63915280,63915076,2066,243,358
0,0.077637,15,358.308105
1,63914101,63913986,63915006,63914838,2060,244,358
0,-0.072754,13,358.220215
1,63914228,63914371,63915133,63915222,2059,245,358
0,0.081543,15,358.308105
1,63914008,63914066,63914926,63914939,2100,246,358
0,0.031250,26,358.308105
1,63914001,63914079,63914913,63914940,2079,247,358
0,0.084473,23,358.330078
1,63913979,63914102,63914890,63914960,2074,248,358
0,0.000000,19,358.352051
1,63914060,63914025,63914967,63914883,2070,249,358
0,-0.019531,28,358.330078
1,63914285,63914305,63915199,63915171,2087,250,358
0,-0.129395,28,358.308105
1,63914377,63914205,63915299,63915071,2097,251,358
0,-0.109863,39,358.374023
1,63914035,63914046,63914946,63914906,2077,252,358
0,0.027344,15,358.330078
1,63914074,63914000,63914992,63914871,2098,253,358
0,-0.062012,23,358.439941
1,63914244,63914351,63915153,63915204,2066,254,358
0,0.076660,10,358.330078
1,63913940,63914134,63914858,63914998,2090,255,358
0,-0.042969,32,358.308105
1,63913917,63914157,63914835,63915015,2083,256,358
0,-0.208496,24,358.395996
1,63913988,63914090,63914902,63914945,2074,257,358
0,0.000000,11,358.352051
1,63914048,63914037,63914955,63914885,2058,258,358
0,-0.120605,22,358.330078
1,63914246,63914351,63915153,63915202,2062,259,358
0,-0.119629,21,358.286133
1,63913927,63914152,63914840,63915007,2073,260,358
0,0.097168,25,358.308105
1,63914050,63914034,63914958,63914885,2063,261,358
0,-0.128418,6,358.286133
1,63914239,63914358,63915146,63915209,2062,262,358
0,0.065918,20,358.286133
1,63914279,63914310,63915194,63915178,2091,263,358
0,0.185059,26,358.330078
1,63913916,63914165,63914827,63915013,2063,264,358
0,-0.226074,8,358.439941
1,63914067,63914008,63914984,63914873,2090,265,358
0,0.182129,30,358.374023
1,63914318,63914288,63915216,63915135,2046,266,358
0,0.101074,24,358.374023
1,63914033,63914047,63914945,63914913,2085,267,358
0,0.015625,21,358.264160
1,63914085,63913993,63914999,63914858,2086,268,358
0,0.101074,31,358.330078
1,63914152,63913920,63915072,63914786,2094,269,358
0,-0.042969,28,358.395996
1,63913982,63914099,63914893,63914955,2072,270,358
0,-0.131348,20,358.352051
1,63913916,63914173,63914819,63915027,2060,271,358
0,0.097168,13,358.286133
1,63913906,63914174,63914818,63915034,2078,272,358
0,-0.329590,26,358.352051
1,63914289,63914304,63915200,63915163,2076,273,358
0,-0.003906,16,358.352051
1,63914322,63914268,63915236,63915135,2088,274,358
0,-0.316895,31,358.374023
1,63913879,63914194,63914798,63915056,2088,275,358
0,-0.031250,26,358.286133
1,63914351,63914245,63915259,63915101,2069,276,358
0,-0.081543,21,358.352051
1,63913965,63914111,63914881,63914968,2079,277,358
0,0.023438,11,358.330078
1,63914202,63914385,63915119,63915253,2093,278,358
0,-0.108887,17,358.395996
1,63914374,63914210,63915294,63915073,2091,279,358
0,-0.140137,32,358.308105
1,63914106,63913974,63915018,63914826,2069,280,358
0,-0.003906,21,358.330078
1,63914136,63913934,63915058,63914798,2094,281,358
0,-0.243652,28,358.308105
1,63914303,63914288,63915216,63915148,2079,282,358
0,-0.093262,27,358.286133
1,63913903,63914176,63914816,63915032,2074,283,358
0,-0.080566,19,358.198242
1,63913920,63914159,63914833,63915014,2073,284,358
0,-0.314941,28,358.395996
1,63913883,63914181,63914811,63915050,2107,285,358
0,0.132324,29,358.395996
1,63914040,63914040,63914952,63914896,2073,286,358
0,-0.278809,24,358.264160
1,63914054,63914023,63914969,63914885,2084,287,358
0,-0.261230,30,358.330078
1,63914044,63914040,63914952,63914891,2063,288,358
0,-0.123535,9,358.286133
1,63914155,63913921,63915071,63914786,2088,289,358
0,0.185059,19,358.374023
1,63914366,63914229,63915275,63915077,2060,290,358
0,-0.229980,8,358.395996
1,63914365,63914224,63915280,63915078,2074,291,358
0,-0.003906,19,358.417969
1,63913932,63914136,63914856,63915002,2099,292,358
0,0.073730,27,358.308105
1,63914152,63913924,63915068,63914788,2087,293,358
0,0.224121,26,358.352051
1,63914195,63913874,63915118,63914739,2097,294,358
0,0.068848,27,358.308105
1,63913890,63914180,63914812,63915055,2107,295,358
0,0.072754,32,358.483887
1,63914150,63913925,63915067,63914797,2098,296,358
0,-0.131348,33,358.352051
1,63914156,63913926,63915066,63914797,2088,297,358
0,-0.208496,35,358.308105
1,63914235,63914360,63915144,63915215,2069,298,358
0,0.256348,16,358.395996
1,63914190,63913905,63915087,63914751,2044,299,358
0,0.120605,21,358.308105
1,63914248,63914346,63915158,63915200,2069,300,358
0,0.141113,21,358.374023
1,63914235,63914361,63915143,63915214,2065,301,358
0,-0.263184,20,358.352051
1,63914213,63914373,63915131,63915245,2099,302,358
0,-0.074707,31,358.330078
1,63914287,63914304,63915200,63915161,2076,303,358
0,-0.015625,19,358.308105
1,63913956,63914117,63914875,63914990,2101,304,358
0,-0.120605,31,358.286133
1,63914280,63914311,63915193,63915179,2088,305,358
0,0.038086,24,358.352051
1,63914292,63914303,63915201,63915158,2069,306,358
0,0.196777,19,358.352051
1,63913993,63914081,63914911,63914945,2090,307,358
0,-0.034180,30,358.308105
1,63913989,63914092,63914900,63914952,2077,308,358
0,-0.216309,25,358.374023
1,63914114,63913964,63915028,63914820,2076,309,358
0,-0.228027,27,358.395996
1,63914236,63914356,63915148,63915211,2072,310,358
0,-0.339355,22,358.286133
1,63914100,63913981,63915011,63914836,2071,311,358
0,-0.154785,24,358.330078
1,63914280,63914314,63915190,63915177,2079,312,358
0,0.120605,27,358.395996
1,63913912,63914171,63914821,63915018,2059,313,358
0,0.181152,17,358.220215
1,63914004,63914066,63914926,63914935,2100,314,358
0,-0.204590,29,358.220215
1,63914306,63914291,63915213,63915140,2059,315,358
0,-0.200684,23,358.220215
1,63914045,63914040,63914952,63914893,2064,316,358
0,-0.175293,19,358.330078
1,63913994,63914077,63914915,63914943,2096,317,358
0,-0.132324,21,358.308105
1,63914231,63914365,63915139,63915217,2064,318,358
0,-0.046875,17,358.264160
1,63913970,63914113,63914879,63914971,2072,319,358
0,0.174316,17,358.374023
1,63914232,63914363,63915141,63915215,2065,320,358
0,-0.097168,22,358.242188
1,63913878,63914189,63914803,63915060,2106,321,358
0,0.097168,30,358.308105
1,63914176,63913896,63915096,63914754,2085,322,358
0,-0.181152,24,358.374023
1,63914364,63914227,63915277,63915078,2069,323,358
0,-0.046875,16,358.330078
1,63913976,63914110,63914882,63914961,2060,324,358
0,0.088379,17,358.352051
1,63914080,63913992,63915000,63914860,2097,325,358
0,-0.123535,32,358.264160
1,63914003,63914066,63914926,63914936,2103,326,358
0,0.003906,26,358.395996
1,63914295,63914299,63915205,63915160,2077,327,358
0,-0.140137,25,358.439941
1,63913985,63914089,63914903,63914951,2087,328,358
0,-0.247559,25,358.286133
1,63914102,63913981,63915011,63914833,2065,329,358
0,-0.140137,23,358.286133
1,63913909,63914175,63914817,63915026,2063,330,358
0,-0.035156,13,358.286133
1,63914011,63914063,63914929,63914931,2094,331,358
0,-0.027344,31,358.264160
1,63914294,63914305,63915199,63915157,2060,332,358
0,-0.139160,22,358.352051
1,63914209,63914374,63915130,63915243,2099,333,358
0,0.231934,32,358.395996
1,63914020,63914054,63914938,63914920,2092,334,358
0,0.088379,30,358.330078
1,63914351,63914241,63915263,63915109,2087,335,358
0,-0.076660,30,358.352051
1,63914223,63914366,63915138,63915223,2078,336,358
0,-0.155762,19,358.330078
1,63914196,63913875,63915117,63914733,2086,337,358
0,0.041992,24,358.264160
1,63914042,63914042,63914950,63914893,2063,338,358
0,0.096191,19,358.395996
1,63913892,63914179,63914813,63915044,2094,339,358
0,0.196777,29,358.439941
1,63914305,63914290,63915214,63915143,2066,340,358
0,-0.404297,22,358.330078
1,63914074,63913997,63914995,63914857,2088,341,358
0,0.003906,33,358.374023
1,63913939,63914129,63914863,63914991,2094,342,358
0,0.003906,27,358.352051
1,63914262,63914320,63915184,63915192,2104,343,358
0,-0.209473,36,358.374023
1,63914289,63914302,63915202,63915163,2080,344,358
0,-0.111816,25,358.417969
1,63914223,63914366,63915138,63915228,2084,345,358
0,-0.121582,28,358.352051
1,63914147,63913926,63915066,63914787,2087,346,358
0,0.239746,29,358.286133
1,63913984,63914096,63914896,63914949,2070,347,358
0,-0.143066,27,358.286133
1,63914304,63914289,63915215,63915141,2067,348,358
0,-0.120605,17,358.286133
1,63914194,63913877,63915115,63914739,2091,349,358
0,0.116699,29,358.308105
1,63913906,63914174,63914818,63915026,2069,350,358
0,0.107910,22,358.352051
1,63914259,63914323,63915181,63915198,2107,351,358
0,0.000000,35,358.308105
1,63914187,63913881,63915111,63914744,2096,352,358
0,-0.081543,32,358.330078
1,63914046,63914034,63914958,63914889,2072,353,358
0,-0.082520,27,358.286133
1,63913917,63914166,63914826,63915016,2063,354,358
0,-0.035156,13,358.308105
1,63914312,63914268,63915236,63915136,2101,355,358
0,-0.329590,39,358.308105
1,63914059,63914023,63914969,63914879,2071,356,358
0,-0.097168,27,358.417969
1,63913917,63914160,63914832,63915016,2077,357,358
0,-0.081543,19,358.374023
1,63914289,63914304,63915200,63915158,2070,358,358
0,0.187012,16,358.395996
1,63914243,63914340,63915164,63915197,2085,359,358
0,0.132324,23,358.352051
1,63914093,63913987,63915005,63914841,2071,360,358
0,0.109863,20,358.374023
1,63914052,63914032,63914960,63914885,2065,361,358
0,-0.186035,23,358.286133
1,63913921,63914153,63914839,63915008,2079,362,358
0,0.019531,21,358.352051
1,63914305,63914287,63915217,63915139,2069,363,358
0,-0.023438,25,358.308105
1,63914172,63913906,63915086,63914757,2070,364,358
0,-0.023438,9,358.352051
1,63914099,63913985,63915007,63914847,2076,365,358
0,0.146973,28,358.308105
1,63914031,63914049,63914943,63914914,2084,366,358
0,0.144043,26,358.220215
1,63913982,63914098,63914894,63914948,2066,367,358
0,-0.096191,20,358.374023
1,63914168,63913914,63915078,63914766,2066,368,358
0,0.035156,16,358.330078
1,63914108,63913976,63915016,63914823,2058,369,358
0,0.042969,23,358.308105
1,63914115,63913963,63915029,63914814,2070,370,358
0,0.104980,26,358.374023
1,63914142,63913931,63915061,63914791,2086,371,358
0,0.285645,24,358.395996
1,63914269,63914309,63915195,63915184,2112,372,358
0,-0.198730,36,358.374023
1,63914223,63914368,63915136,63915233,2085,373,358
0,-0.023438,25,358.308105
1,63914014,63914054,63914938,63914920,2099,374,358
0,-0.061035,30,358.330078
1,63914374,63914212,63915292,63915070,2083,375,358
0,-0.112793,32,358.330078
1,63914091,63913988,63915004,63914853,2085,376,358
0,-0.085449,31,358.439941
1,63914037,63914045,63914947,63914898,2067,377,358
0,0.181152,16,358.374023
1,63913887,63914186,63914806,63915047,2087,378,358
0,-0.031250,25,358.330078
1,63914193,63913882,63915110,63914740,2081,379,358
0,0.077637,26,358.308105
1,63913989,63914090,63914902,63914946,2074,380,358
0,-0.105957,32,358.374023
1,63914301,63914294,63915210,63915144,2063,381,358
0,-0.023438,10,358.330078
1,63914098,63913983,63915009,63914839,2072,382,358
0,0.151855,19,358.395996
1,63914369,63914225,63915279,63915077,2066,383,358
0,-0.359863,24,358.374023
1,63914360,63914232,63915272,63915083,2067,384,358
0,0.007812,21,358.352051
1,63914096,63913987,63915005,63914840,2066,385,358
0,0.027344,19,358.330078
1,63914352,63914244,63915260,63915097,2065,386,358
0,0.003906,22,358.308105
1,63914119,63913951,63915041,63914816,2096,387,358
0,-0.084473,33,358.330078
1,63913914,63914167,63914825,63915016,2064,388,358
0,-0.363770,20,358.176270
1,63914172,63913907,63915085,63914757,2067,389,358
0,-0.073730,22,358.330078
1,63913982,63914097,63914895,63914948,2069,390,358
0,-0.011719,7,358.308105
1,63913907,63914174,63914818,63915025,2066,391,358
0,0.104980,17,358.330078
1,63914245,63914347,63915157,63915203,2073,392,358
0,-0.098145,24,358.330078
1,63914101,63913983,63915009,63914834,2063,393,358
0,-0.188965,23,358.352051
1,63914300,63914292,63915212,63915146,2071,394,358
0,-0.003906,17,358.330078
1,63914063,63914019,63914973,63914878,2074,395,358
0,-0.093262,30,358.352051
1,63914249,63914344,63915160,63915198,2070,396,358
0,0.148926,16,358.352051
1,63914142,63913927,63915065,63914789,2093,397,358
0,0.023438,28,358.308105
1,63914102,63913978,63915014,63914830,2069,398,358
0,-0.193848,23,358.417969
1,63913900,63914176,63914816,63915036,2083,399,358
0,-0.011719,18,358.374023
1,63914108,63913972,63915020,63914821,2065,400,358
0,0.186035,21,358.286133
1,63914295,63914295,63915209,63915147,2071,401,358
0,0.131348,20,358.374023
1,63914082,63913995,63914997,63914862,2090,402,358
0,-0.027344,32,358.286133
1,63914318,63914272,63915232,63915132,2080,403,358
0,-0.200684,37,358.286133
1,63914217,63914368,63915136,63915233,2092,404,358
0,0.193848,23,358.330078
1,63913882,63914187,63914805,63915052,2097,405,358
0,-0.011719,28,358.374023
1,63914171,63913908,63915084,63914758,2067,406,358
0,-0.011719,21,358.439941
1,63913976,63914104,63914888,63914957,2070,407,358
0,-0.188965,20,358.417969
1,63913906,63914176,63914816,63915031,2070,408,358
0,-0.217285,22,358.286133
1,63914065,63914009,63914983,63914873,2090,409,358
0,-0.085449,37,358.417969
1,63914295,63914300,63915204,63915148,2060,410,358
0,-0.011719,14,358.330078
1,63914173,63913909,63915083,63914757,2062,411,358
0,0.000000,12,358.308105
1,63913918,63914164,63914828,63915015,2065,412,358
0,0.065918,20,358.374023
1,63914190,63913888,63915104,63914746,2078,413,358
0,0.113770,22,358.330078
1,63913915,63914165,63914827,63915014,2065,414,358
0,-0.173340,21,358.374023
1,63914227,63914366,63915138,63915225,2076,415,358
0,0.217285,17,358.308105
1,63913939,63914129,63914863,63914995,2099,416,358
0,0.027344,30,358.395996
1,63914135,63913934,63915058,63914798,2096,417,358
0,0.193848,26,358.286133
1,63914301,63914294,63915210,63915147,2066,418,358
0,-0.178223,21,358.330078
1,63914210,63914374,63915130,63915241,2096,419,358
0,0.046875,30,358.417969
1,63914003,63914063,63914929,63914934,2107,420,358
0,0.231934,30,358.330078
1,63914307,63914282,63915222,63915140,2079,421,358
0,-0.089355,27,358.264160
1,63914161,63913919,63915073,63914769,2066,422,358
0,0.119629,18,358.439941
1,63914104,63913979,63915013,63914831,2065,423,358
0,0.042969,15,358.439941
1,63913890,63914183,63914809,63915050,2094,424,358
0,-0.069824,32,358.308105
1,63913975,63914109,63914883,63914962,2065,425,358
0,0.119629,13,358.417969
1,63914304,63914285,63915219,63915136,2071,426,358
0,0.023438,28,358.242188
1,63913980,63914103,63914889,63914957,2067,427,358
0,-0.170410,20,358.395996
1,63914364,63914233,63915271,63915083,2060,428,358
0,-0.307129,26,358.308105
1,63914130,63913934,63915058,63914799,2103,429,358
0,0.144043,29,358.352051
