1,63914259,63914303,63914689,63914676,941,0,358
0,-0.087402,15,358.044434
1,63914217,63914364,63914628,63914716,894,1,357
0,0.224121,11,357.934570
1,63914243,63914334,63914658,63914688,901,2,357
0,0.352051,13,357.978516
1,63914273,63914304,63914688,63914670,916,3,358
0,0.316895,18,358.044434
1,63914174,63913883,63914597,63914244,919,4,358
0,-0.136230,11,358.000488
1,63914037,63914039,63914441,63914383,877,5,357
0,0.251465,6,357.978516
1,63914010,63914049,63914431,63914409,916,6,358
0,0.324707,13,358.022461
1,63913914,63914163,63914317,63914505,873,7,357
0,0.229980,7,357.934570
1,63914364,63914216,63914776,63914564,891,8,358
0,-0.039062,10,358.022461
1,63914241,63914344,63914648,63914692,885,9,357
0,0.370605,7,357.978516
1,63913900,63914169,63914311,63914519,892,10,358
0,-0.127441,11,358.022461
1,63914310,63914252,63914740,63914617,932,11,358
0,0.069824,14,358.044434
1,63914345,63914236,63914756,63914595,903,12,358
0,-0.089355,7,358.000488
1,63914146,63913919,63914561,63914274,903,13,358
0,0.427734,11,358.022461
1,63914173,63913901,63914579,63914247,882,14,358
0,-0.108887,8,358.022461
1,63914058,63913995,63914485,63914363,932,15,357
0,0.185059,19,357.824707
1,63914268,63914305,63914687,63914670,919,16,358
0,0.109863,18,358.044434
1,63913983,63914089,63914391,63914439,889,17,358
0,0.023438,9,358.022461
1,63914327,63914241,63914751,63914609,928,18,357
0,0.074707,15,357.978516
1,63914209,63914367,63914625,63914734,918,19,358
0,0.224121,18,358.066406
1,63914124,63913921,63914559,63914293,946,20,357
0,0.312988,13,357.912598
1,63914379,63914183,63914809,63914554,939,21,358
0,-0.255371,18,358.110352
1,63914380,63914190,63914802,63914556,924,22,358
0,0.289551,19,358.088379
1,63914270,63914303,63914689,63914669,920,23,357
0,0.046875,13,357.978516
1,63914174,63913881,63914599,63914247,927,24,358
0,-0.011719,7,358.066406
1,63914245,63914319,63914673,63914683,928,25,358
0,0.366699,13,358.088379
1,63914070,63913991,63914489,63914355,918,26,358
0,0.228027,18,358.022461
1,63914020,63914047,63914433,63914416,917,27,358
0,-0.183105,17,358.022461
1,63914360,63914224,63914768,63914571,885,28,358
0,0.121582,4,358.022461
1,63914104,63913971,63914509,63914314,877,29,358
0,0.344238,4,358.000488
1,63913880,63914183,63914297,63914548,917,30,358
0,0.132324,19,358.132324
1,63914005,63914052,63914428,63914431,940,31,358
0,-0.062012,20,358.066406
1,63913999,63914053,63914427,63914427,940,32,358
0,-0.120605,15,358.022461
1,63914316,63914252,63914740,63914624,933,33,358
0,-0.039062,18,358.066406
1,63914217,63914366,63914626,63914731,907,34,358
0,0.247559,18,358.044434
1,63913982,63914090,63914390,63914445,894,35,357
0,-0.156738,5,357.956543
1,63914291,63914291,63914701,63914641,891,36,358
0,-0.019531,10,358.066406
1,63914313,63914246,63914746,63914625,952,37,357
0,-0.101074,18,357.934570
1,63914096,63913978,63914502,63914335,894,38,358
0,-0.293457,12,358.000488
1,63914367,63914206,63914786,63914567,914,39,358
0,-0.228027,8,358.066406
1,63914013,63914046,63914434,63914415,926,40,357
0,0.027344,16,357.912598
1,63914193,63914376,63914616,63914745,928,41,358
0,0.011719,14,358.066406
1,63914372,63914193,63914799,63914561,932,42,358
0,-0.289551,12,358.022461
1,63914124,63913934,63914546,63914300,924,43,358
0,-0.031250,18,358.000488
1,63914384,63914184,63914808,63914553,930,44,358
0,0.019531,13,358.044434
1,63914075,63913989,63914491,63914362,925,45,358
0,-0.065918,22,358.022461
1,63914303,63914276,63914716,63914628,897,46,358
0,0.228027,5,358.066406
1,63914021,63914048,63914432,63914412,909,47,358
0,0.035156,5,358.088379
1,63914150,63913915,63914565,63914272,905,48,358
0,0.289551,12,358.044434
1,63914139,63913919,63914561,63914293,933,49,358
0,0.243652,17,358.066406
1,63914331,63914241,63914751,63914612,927,50,358
0,0.097168,21,358.044434
1,63914057,63914002,63914478,63914372,927,51,358
0,-0.007812,6,358.022461
1,63914347,63914240,63914752,63914596,892,52,357
0,-0.128418,8,357.912598
1,63914118,63913951,63914529,63914305,897,53,358
0,0.259277,10,358.044434
1,63913922,63914139,63914341,63914497,911,54,358
0,-0.019531,12,358.044434
1,63913919,63914142,63914338,63914496,906,55,358
0,0.393555,4,358.066406
1,63914043,63914036,63914444,63914385,879,56,358
0,-0.035156,9,358.132324
1,63914250,63914322,63914670,63914688,921,57,357
0,0.224121,11,357.956543
1,63913887,63914177,63914303,63914544,918,58,358
0,0.141113,18,358.022461
1,63914107,63913965,63914515,63914317,891,59,358
0,0.096191,5,358.000488
1,63914238,63914343,63914649,63914692,891,60,358
0,0.562500,4,358.000488
1,63914358,63914232,63914760,63914576,875,61,358
0,0.192871,5,358.044434
1,63914041,63914031,63914449,63914383,891,62,358
0,-0.078613,7,358.066406
1,63914239,63914343,63914649,63914693,891,63,357
0,0.089355,3,357.978516
1,63914363,63914226,63914766,63914580,887,64,357
0,-0.129395,9,357.978516
1,63914030,63914041,63914439,63914399,899,65,358
0,-0.085449,13,358.000488
1,63914293,63914292,63914700,63914649,896,66,357
0,-0.220215,12,357.978516
1,63913936,63914123,63914357,63914489,923,67,358
0,0.301270,11,358.000488
1,63914254,63914315,63914677,63914689,934,68,358
0,-0.062988,3,358.066406
1,63914364,63914217,63914775,63914569,894,69,357
0,-0.347168,6,357.978516
1,63914013,63914047,63914433,63914415,924,70,358
0,0.228027,12,358.044434
1,63914257,63914314,63914678,63914683,926,71,358
0,-0.062012,14,358.088379
1,63914334,63914240,63914752,63914609,923,72,358
0,-0.212402,21,358.000488
1,63914372,63914196,63914796,63914562,926,73,357
0,-0.356934,13,357.978516
1,63914097,63913975,63914505,63914329,893,74,358
0,-0.011719,12,358.000488
1,63914169,63913906,63914574,63914253,882,75,357
0,0.129395,2,357.956543
1,63914373,63914187,63914805,63914562,946,76,357
0,-0.115723,15,357.978516
1,63913924,63914124,63914356,63914497,944,77,358
0,0.104980,12,358.044434
1,63914157,63913916,63914564,63914272,894,78,358
0,-0.003906,13,358.088379
1,63913890,63914180,63914300,63914546,910,79,358
0,0.327637,12,358.132324
1,63913985,63914067,63914413,63914436,934,80,358
0,0.111816,8,358.022461
1,63914049,63914014,63914466,63914372,909,81,358
0,-0.032227,13,358.110352
1,63914073,63913993,63914487,63914362,918,82,358
0,0.143066,14,358.000488
1,63914351,63914233,63914759,63914594,901,83,358
0,-0.098145,15,358.088379
1,63914350,63914232,63914760,63914590,900,84,358
0,-0.192871,14,358.110352
1,63914379,63914193,63914799,63914559,921,85,358
0,-0.107910,16,358.044434
1,63914106,63913969,63914511,63914322,889,86,358
0,-0.140137,6,358.022461
1,63914152,63913917,63914563,63914278,905,87,358
0,-0.046875,14,358.022461
1,63914189,63914384,63914608,63914750,920,88,357
0,-0.190918,2,357.978516
1,63914195,63914375,63914617,63914746,930,89,358
0,-0.202637,18,358.066406
1,63913905,63914168,63914312,63914516,885,90,358
0,0.181152,4,358.088379
1,63914036,63914042,63914438,63914392,882,91,358
0,0.312988,6,358.022461
1,63914236,63914337,63914655,63914696,912,92,357
0,-0.100098,3,357.956543
1,63913912,63914163,63914317,63914512,884,93,357
0,0.255371,7,357.956543
1,63914174,63913888,63914592,63914246,910,94,358
0,-0.146973,10,358.022461
1,63914230,63914357,63914635,63914706,884,95,358
0,0.319824,6,358.110352
1,63914378,63914186,63914806,63914557,937,96,358
0,0.065918,16,358.132324
1,63914384,63914182,63914810,63914554,936,97,358
0,0.401367,13,358.044434
1,63914364,63914222,63914770,63914571,885,98,358
0,0.011719,7,358.022461
1,63913922,63914145,63914335,63914498,898,99,358
0,-0.074707,8,358.022461
1,63913884,63914176,63914304,63914543,923,100,357
0,-0.101074,16,357.978516
1,63914166,63913911,63914569,63914258,879,101,358
0,-0.263184,8,358.154297
1,63914303,63914276,63914716,63914631,900,102,358
0,0.345215,8,358.110352
1,63914170,63913906,63914574,63914253,880,103,357
0,-0.189941,7,357.912598
1,63913959,63914112,63914368,63914471,900,104,358
0,0.084473,14,358.044434
1,63913921,63914147,63914333,63914499,896,105,358
0,-0.003906,5,358.022461
1,63913962,63914108,63914372,63914466,900,106,358
0,0.255371,4,358.022461
1,63913985,63914080,63914400,63914439,907,107,357
0,0.069824,6,357.978516
1,63914046,63914027,63914453,63914378,889,108,357
0,-0.261230,6,357.978516
1,63914208,63914364,63914628,63914735,927,109,358
0,0.146973,19,358.000488
1,63913921,63914145,63914335,63914501,903,110,357
0,-0.089355,4,357.956543
1,63914123,63913930,63914550,63914300,934,111,358
0,-0.104980,18,358.088379
1,63914353,63914234,63914758,63914583,884,112,357
0,0.000000,7,357.978516
1,63913925,63914146,63914334,63914496,890,113,358
0,-0.062012,8,358.066406
1,63914065,63913994,63914486,63914366,930,114,358
0,0.003906,16,358.066406
1,63914266,63914304,63914688,63914680,936,115,358
0,0.344238,14,358.044434
1,63914283,63914301,63914691,63914668,909,116,358
0,0.173340,17,358.066406
1,63913925,63914136,63914344,63914497,914,117,358
0,0.212402,8,358.022461
1,63913910,63914168,63914312,63914514,877,118,358
0,0.388672,6,358.044434
1,63914030,63914039,63914441,63914402,907,119,357
0,0.178223,14,357.934570
1,63914298,63914284,63914708,63914635,892,120,358
0,0.200684,5,358.000488
1,63913982,63914078,63914402,63914439,916,121,358
0,-0.112793,8,358.022461
1,63914204,63914368,63914624,63914739,927,122,357
0,0.077637,20,357.912598
1,63914156,63913913,63914567,63914280,912,123,358
0,-0.023438,10,358.088379
1,63914097,63913977,63914503,63914334,894,124,357
0,-0.035156,13,357.956543
1,63913908,63914166,63914314,63914512,882,125,357
0,0.066895,3,357.912598
1,63913945,63914109,63914371,63914484,939,126,358
0,0.108887,15,358.000488
1,63913926,63914138,63914342,63914497,909,127,358
0,-0.177246,12,358.088379
1,63913890,63914175,63914305,63914540,914,128,358
0,-0.143066,14,358.000488
1,63914097,63913979,63914501,63914330,885,129,357
0,-0.045898,11,357.956543
1,63913919,63914154,63914326,63914502,885,130,357
0,0.251465,6,357.934570
1,63914051,63914007,63914473,63914369,919,131,358
0,-0.220215,8,358.110352
1,63914205,63914370,63914622,63914737,919,132,358
0,0.137207,15,358.088379
1,63914097,63913975,63914505,63914328,892,133,358
0,0.148926,10,358.022461
1,63914042,63914036,63914444,63914381,876,134,358
0,-0.027344,5,358.088379
1,63914106,63913968,63914512,63914313,880,135,358
0,-0.190918,6,358.000488
1,63913983,63914083,63914397,63914439,903,136,357
0,-0.046875,7,357.912598
1,63914289,63914298,63914694,63914655,893,137,358
0,-0.042969,11,358.066406
1,63914104,63913973,63914507,63914318,877,138,358
0,0.278809,6,358.022461
1,63914226,63914361,63914631,63914712,886,139,358
0,0.200684,7,358.132324
1,63914321,63914250,63914742,63914621,928,140,357
0,0.127441,15,357.978516
1,63914169,63913909,63914571,63914256,878,141,357
0,-0.249512,5,357.978516
1,63914191,63914376,63914616,63914748,934,142,358
0,0.247559,17,358.088379
1,63913969,63914108,63914372,63914455,879,143,358
0,0.154785,7,358.110352
1,63914164,63913907,63914573,63914255,887,144,358
0,-0.210449,6,358.088379
1,63913914,63914162,63914318,63914511,883,145,357
0,-0.256348,4,357.978516
1,63914104,63913974,63914506,63914317,873,146,358
0,0.181152,5,358.110352
1,63914158,63913913,63914567,63914262,889,147,358
0,-0.239746,10,358.066406
1,63913976,63914099,63914381,63914449,885,148,357
0,-0.023438,7,357.978516
1,63914119,63913932,63914548,63914303,938,149,357
0,-0.081543,14,357.978516
1,63914241,63914342,63914650,63914692,890,150,358
0,-0.143066,7,358.066406
1,63914024,63914047,63914433,63914406,900,151,358
0,-0.023438,12,358.088379
1,63914314,63914257,63914735,63914624,924,152,358
0,-0.135254,19,358.132324
1,63914131,63913922,63914558,63914292,934,153,358
0,0.324707,14,358.044434
1,63914166,63913908,63914572,63914256,884,154,358
0,-0.189941,9,358.088379
1,63914064,63913995,63914485,63914366,928,155,358
0,0.305176,15,358.088379
1,63914196,63914368,63914624,63914743,941,156,358
0,0.297363,18,358.044434
1,63914299,63914284,63914708,63914634,890,157,358
0,-0.120605,6,358.022461
1,63914016,63914047,63914433,63914419,925,158,358
0,-0.189941,18,358.022461
1,63914058,63914007,63914473,63914367,909,159,358
0,0.007812,15,358.044434
1,63914089,63913981,63914499,63914340,901,160,358
0,0.146973,16,358.044434
1,63913895,63914179,63914301,63914540,899,161,357
0,0.229980,19,357.978516
1,63913918,63914142,63914338,63914498,910,162,358
0,0.007812,6,358.022461
1,63914039,63914033,63914447,63914384,890,163,358
0,-0.101074,6,358.066406
1,63914192,63914382,63914610,63914750,921,164,358
0,0.170410,17,358.000488
1,63914321,63914248,63914744,63914623,936,165,358
0,-0.214355,19,358.044434
1,63914092,63913982,63914498,63914335,890,166,358
0,0.259277,8,358.088379
1,63914241,63914330,63914662,63914691,917,167,357
0,0.011719,9,357.890625
1,63913999,63914055,63914425,63914428,937,168,358
0,-0.019531,10,358.088379
1,63914061,63914000,63914480,63914369,924,169,357
0,0.069824,15,357.956543
1,63914383,63914185,63914807,63914555,931,170,358
0,0.011719,16,358.044434
1,63914048,63914028,63914452,63914373,878,171,357
0,0.178223,4,357.978516
1,63914117,63913937,63914543,63914306,932,172,357
0,-0.042969,11,357.978516
1,63914165,63913908,63914572,63914265,896,173,358
0,0.045898,11,358.044434
1,63914230,63914356,63914636,63914705,885,174,358
0,-0.174316,6,358.022461
1,63914107,63913966,63914514,63914312,883,175,357
0,-0.472656,5,357.978516
1,63914173,63913893,63914587,63914246,899,176,358
0,0.101074,5,358.000488
1,63914018,63914045,63914435,63914415,923,177,358
0,-0.131348,18,358.022461
1,63914024,63914045,63914435,63914406,905,178,357
0,0.466797,11,357.956543
1,63914139,63913920,63914560,63914291,928,179,357
0,0.026367,19,357.978516
1,63914031,63914042,63914438,63914398,894,180,358
0,0.023438,9,358.088379
1,63914167,63913908,63914572,63914254,880,181,358
0,0.403320,4,358.066406
1,63914371,63914187,63914805,63914559,945,182,358
0,0.155762,16,358.022461
1,63914078,63913985,63914495,63914356,924,183,357
0,0.174316,20,357.978516
1,63914272,63914304,63914688,63914669,916,184,358
0,0.289551,15,358.000488
1,63914112,63913955,63914525,63914308,898,185,358
0,0.231934,5,358.022461
1,63914001,63914050,63914430,63914429,947,186,358
0,0.065918,15,358.022461
1,63914263,63914313,63914679,63914681,919,187,358
0,0.201660,17,358.000488
1,63913962,63914109,63914371,63914477,911,188,358
0,-0.078613,18,358.000488
1,63914126,63913935,63914545,63914301,920,189,357
0,-0.124512,15,357.934570
1,63914349,63914238,63914754,63914590,887,190,358
0,0.321777,10,358.088379
1,63914078,63913985,63914495,63914351,918,191,358
0,-0.039062,18,358.132324
1,63914340,63914241,63914751,63914604,907,192,358
0,0.289551,12,358.088379
1,63914050,63914001,63914479,63914369,934,193,357
0,-0.144043,12,357.978516
1,63914178,63913878,63914602,63914244,926,194,357
0,-0.362793,13,357.978516
1,63913912,63914159,63914321,63914511,892,195,358
0,-0.170410,9,358.022461
1,63914109,63913957,63914523,63914311,900,196,358
0,-0.042969,7,358.066406
1,63914192,63914372,63914620,63914743,937,197,357
0,0.247559,14,357.978516
1,63913986,63914068,63914412,63914434,928,198,357
0,-0.177246,12,357.978516
1,63914023,63914046,63914434,63914412,911,199,357
0,0.027344,19,357.978516
1,63914311,63914259,63914733,63914624,923,200,357
0,0.096191,14,357.956543
1,63914000,63914056,63914424,63914424,928,201,357
0,-0.023438,17,357.934570
1,63914205,63914368,63914624,63914738,925,202,358
0,0.259277,14,358.066406
1,63914004,63914061,63914419,63914430,919,203,357
0,-0.120605,21,357.934570
1,63914362,63914225,63914767,63914574,884,204,358
0,-0.131348,6,358.044434
1,63914354,63914232,63914760,63914582,886,205,357
0,0.297363,8,357.978516
1,63914111,63913951,63914529,63914307,907,206,358
0,0.023438,7,358.022461
1,63914271,63914300,63914692,63914655,910,207,358
0,0.188965,10,358.022461
1,63914187,63914383,63914609,63914752,927,208,358
0,0.200684,14,358.022461
1,63914354,63914236,63914756,63914584,879,209,358
0,0.289551,4,358.066406
1,63914119,63913928,63914552,63914303,947,210,358
0,-0.135254,18,358.022461
1,63914271,63914308,63914684,63914669,907,211,358
0,0.073730,13,358.022461
1,63914294,63914294,63914698,63914643,883,212,358
0,0.150879,8,358.000488
1,63914020,63914051,63914429,63914414,905,213,358
0,0.120605,13,358.000488
1,63914245,63914329,63914663,63914691,914,214,358
0,0.297363,8,358.066406
1,63913976,63914099,63914381,63914449,885,215,358
0,-0.196777,8,358.000488
1,63914272,63914304,63914688,63914668,914,216,357
0,0.398438,12,357.956543
1,63914354,63914233,63914759,63914580,882,217,358
0,0.003906,4,358.088379
1,63914055,63913995,63914485,63914367,940,218,358
0,0.093262,13,358.022461
1,63914329,63914242,63914750,63914611,926,219,358
0,-0.212402,12,358.022461
1,63913907,63914167,63914313,63914518,887,220,358
0,0.042969,7,358.088379
1,63913978,63914096,63914384,63914443,883,221,358
0,0.347168,2,358.022461
1,63914108,63913962,63914518,63914312,891,222,358
0,-0.301270,9,358.022461
1,63913903,63914165,63914315,63914516,894,223,357
0,0.129395,6,357.912598
1,63914052,63914002,63914478,63914370,931,224,357
0,-0.305176,12,357.956543
1,63914313,63914262,63914730,63914626,916,225,358
0,-0.177246,10,358.000488
1,63913978,63914096,63914384,63914448,889,226,358
0,-0.070801,5,358.044434
1,63913974,63914103,63914377,63914457,887,227,358
0,-0.217285,11,358.000488
1,63914182,63913878,63914602,63914242,919,228,358
0,0.144043,10,358.066406
1,63913957,63914113,63914367,63914478,909,229,358
0,0.247559,14,358.110352
1,63914170,63913904,63914576,63914253,885,230,358
0,0.015625,7,358.022461
1,63914181,63914380,63914612,63914755,945,231,357
0,-0.077637,13,357.956543
1,63914238,63914346,63914646,63914701,894,232,358
0,-0.045898,4,358.000488
1,63913893,63914173,63914307,63914544,920,233,358
0,-0.038086,21,358.000488
1,63914047,63914015,63914465,63914376,913,234,358
0,-0.007812,12,358.022461
1,63914233,63914350,63914642,63914702,892,235,358
0,0.140137,7,358.110352
1,63913921,63914139,63914341,63914499,914,236,358
0,0.196777,5,358.066406
1,63914226,63914362,63914630,63914710,882,237,357
0,0.231934,6,357.978516
1,63914364,63914217,63914775,63914566,891,238,357
0,-0.023438,4,357.956543
1,63914245,63914328,63914664,63914691,917,239,358
0,0.170410,10,358.066406
1,63913986,63914067,63914413,63914435,932,240,358
0,0.255371,9,358.022461
1,63914235,63914354,63914638,63914700,878,241,358
0,0.031250,4,358.088379
1,63913985,63914067,63914413,63914437,936,242,358
0,-0.216309,12,358.000488
1,63914282,63914300,63914692,63914669,913,243,357
0,0.077637,19,357.978516
1,63914247,63914322,63914670,63914690,927,244,358
0,-0.035156,10,358.022461
1,63913932,63914124,63914356,63914494,931,245,358
0,0.188965,11,358.022461
1,63913886,63914177,63914303,63914539,913,246,358
0,0.281738,9,358.044434
1,63913977,63914100,63914380,63914449,882,247,358
0,0.327637,7,358.066406
1,63914095,63913980,63914500,63914337,893,248,357
0,-0.302246,12,357.978516
1,63913946,63914122,63914358,63914488,912,249,358
0,0.235840,13,358.154297
1,63914126,63913936,63914544,63914302,919,250,358
0,0.316895,13,358.022461
1,63914367,63914202,63914790,63914566,923,251,358
0,-0.177246,11,358.000488
1,63914295,63914293,63914699,63914644,885,252,358
0,0.332520,9,358.000488
1,63913977,63914098,63914382,63914445,882,253,358
0,-0.464844,6,358.000488
1,63914028,63914045,63914435,63914408,903,254,358
0,-0.107910,13,358.088379
1,63914177,63913889,63914591,63914243,900,255,358
0,-0.151855,7,358.088379
1,63914377,63914199,63914793,63914560,911,256,358
0,0.259277,10,358.000488
1,63914152,63913921,63914559,63914278,896,257,358
0,-0.300293,16,358.022461
1,63914318,63914262,63914730,63914623,906,258,358
0,0.220215,13,358.066406
1,63914334,63914238,63914754,63914607,925,259,358
0,0.132324,14,358.022461
1,63914131,63913929,63914551,63914293,919,260,357
0,0.301270,11,357.978516
1,63914195,63914378,63914614,63914744,920,261,358
0,0.324707,12,358.110352
1,63913900,63914171,63914309,63914535,906,262,358
0,-0.235840,15,358.000488
1,63914052,63914007,63914473,63914371,920,263,358
0,-0.019531,15,358.022461
1,63914089,63913979,63914501,63914329,893,264,357
0,0.177246,8,357.978516
1,63914313,63914267,63914725,63914623,900,265,358
0,0.212402,10,358.000488
1,63913904,63914171,63914309,63914526,891,266,358
0,0.263184,9,358.044434
1,63914217,63914366,63914626,63914728,904,267,358
0,-0.232910,18,358.088379
1,63914292,63914295,63914697,63914642,882,268,358
0,0.304199,5,358.066406
1,63914112,63913957,63914523,63914308,893,269,357
0,0.031250,5,357.978516
1,63913946,63914117,63914363,63914482,917,270,357
0,-0.313965,15,357.978516
1,63914038,63914041,63914439,63914385,873,271,358
0,0.047852,5,358.044434
1,63914044,63914030,63914450,63914378,884,272,358
0,0.104980,4,358.022461
1,63914313,63914257,63914735,63914623,924,273,357
0,0.432617,8,357.934570
1,63914345,63914240,63914752,63914605,905,274,358
0,0.259277,18,358.022461
1,63914111,63913948,63914532,63914307,914,275,357
0,-0.035156,9,357.978516
1,63914275,63914303,63914689,63914672,918,276,357
0,-0.151855,19,357.978516
1,63914252,63914321,63914671,63914687,920,277,357
0,-0.023438,14,357.978516
1,63914236,63914351,63914641,63914696,879,278,358
0,0.212402,3,358.066406
1,63913916,63914153,63914327,63914504,893,279,358
0,-0.178223,6,358.088379
1,63913904,63914169,63914311,63914526,896,280,357
0,-0.025391,11,357.978516
1,63914092,63913979,63914501,63914334,896,281,358
0,-0.104004,10,358.066406
1,63914299,63914285,63914707,63914642,897,282,358
0,-0.035156,9,358.022461
1,63913949,63914120,63914360,63914478,901,283,358
0,-0.235840,10,358.000488
1,63914121,63913935,63914545,63914303,928,284,358
0,0.267090,11,358.022461
1,63914176,63913892,63914588,63914246,898,285,358
0,-0.182129,7,358.110352
1,63914105,63913966,63914514,63914317,891,286,357
0,0.023438,6,357.978516
1,63914239,63914340,63914652,63914696,901,287,357
0,0.301270,7,357.956543
1,63913995,63914068,63914412,63914432,916,288,358
0,0.069824,11,358.022461
1,63914112,63913957,63914523,63914310,896,289,357
0,0.173340,6,357.978516
1,63914084,63913981,63914499,63914344,912,290,357
0,0.027344,19,357.978516
1,63914122,63913932,63914548,63914299,930,291,357
0,-0.182129,17,357.978516
1,63913907,63914171,63914309,63914524,885,292,358
0,0.348145,10,358.132324
1,63914200,63914373,63914619,63914741,923,293,357
0,0.151855,15,357.934570
1,63914384,63914178,63914814,63914553,944,294,358
0,0.000000,21,358.022461
1,63914050,63914020,63914460,63914370,891,295,358
0,0.030273,11,358.000488
1,63914116,63913941,63914539,63914304,921,296,357
0,0.420898,7,357.956543
1,63914355,63914233,63914759,63914582,883,297,358
0,0.281738,7,358.000488
1,63913978,63914093,63914387,63914445,892,298,358
0,-0.208496,8,358.044434
1,63914102,63913976,63914504,63914321,876,299,358
0,0.193848,3,358.044434
1,63914050,63914023,63914457,63914373,887,300,358
0,0.094238,9,358.000488
1,63914225,63914363,63914629,63914718,890,301,357
0,0.039062,11,357.956543
1,63914222,63914360,63914632,63914716,898,302,358
0,-0.011719,11,358.000488
1,63914062,63914002,63914478,63914369,918,303,358
0,-0.035156,16,358.022461
1,63914094,63913971,63914509,63914331,909,304,357
0,-0.073730,12,357.956543
1,63913950,63914112,63914368,63914479,920,305,357
0,-0.023438,18,357.956543
1,63914100,63913974,63914506,63914322,884,306,358
0,0.011719,6,358.066406
1,63914194,63914382,63914610,63914750,919,307,357
0,-0.031250,16,357.912598
1,63914353,63914236,63914756,63914587,884,308,358
0,0.235840,10,358.044434
1,63913975,63914103,63914377,63914452,880,309,358
0,0.321777,6,358.066406
1,63914236,63914345,63914647,63914698,896,310,357
0,-0.309082,8,357.956543
1,63913912,63914157,63914323,63914510,896,311,358
0,-0.007812,6,358.088379
1,63914011,63914052,63914428,63914419,919,312,358
0,0.212402,13,358.000488
1,63914237,63914347,63914645,63914702,894,313,357
0,-0.120605,7,357.978516
1,63914299,63914286,63914706,63914633,884,314,358
0,0.220215,4,358.022461
1,63914073,63913983,63914497,63914358,937,315,358
0,-0.169434,20,358.022461
1,63913996,63914056,63914424,63914433,944,316,358
0,-0.027344,17,358.022461
1,63914314,63914256,63914736,63914625,927,317,358
0,-0.225098,16,358.000488
1,63913947,63914115,63914365,63914481,919,318,358
0,0.278809,14,358.000488
1,63914294,63914294,63914698,63914646,886,319,357
0,0.111816,8,357.978516
1,63914157,63913916,63914564,63914270,892,320,357
0,-0.192871,12,357.956543
1,63914305,63914279,63914713,63914629,889,321,358
0,-0.181152,9,358.066406
1,63914368,63914213,63914779,63914566,896,322,358
0,-0.146973,9,358.022461
1,63914073,63913990,63914490,63914364,927,323,358
0,0.027344,20,358.066406
1,63914295,63914298,63914694,63914640,869,324,357
0,0.340332,2,357.956543
1,63913978,63914100,63914380,63914444,875,325,358
0,-0.133301,-2,358.044434
1,63914121,63913936,63914544,63914305,928,326,358
0,-0.089355,17,358.022461
1,63914144,63913922,63914558,63914288,914,327,358
0,0.359863,11,358.066406
1,63913952,63914111,63914369,63914479,920,328,358
0,0.251465,17,358.022461
1,63914347,63914232,63914760,63914582,894,329,358
0,0.324707,6,358.022461
1,63914095,63913980,63914500,63914334,890,330,358
0,0.336426,10,358.000488
1,63913959,63914111,63914369,63914473,905,331,358
0,-0.104004,16,358.044434
1,63914173,63913891,63914589,63914245,903,332,357
0,-0.344238,6,357.890625
1,63913960,63914111,63914369,63914478,910,333,358
0,-0.265137,17,358.110352
1,63914113,63913951,63914529,63914309,907,334,358
0,0.144043,7,358.022461
1,63914383,63914186,63914806,63914556,930,335,358
0,-0.011719,17,358.088379
1,63913879,63914180,63914300,63914550,927,336,358
0,0.108887,17,358.132324
1,63914019,63914048,63914432,63914414,913,337,358
0,0.267090,10,358.022461
1,63914179,63913891,63914589,63914246,897,338,358
0,0.092285,5,358.022461
1,63913920,63914141,63914339,63914501,913,339,357
0,0.108887,8,357.978516
1,63914098,63913976,63914504,63914323,883,340,357
0,0.239746,7,357.978516
1,63914108,63913969,63914511,63914316,879,341,358
0,0.135254,5,358.066406
1,63914112,63913953,63914527,63914308,903,342,358
0,-0.335449,11,358.066406
1,63914247,63914327,63914665,63914690,916,343,358
0,0.139160,8,358.110352
1,63913971,63914106,63914374,63914460,887,344,358
0,0.259277,10,358.110352
1,63914373,63914199,63914793,63914560,916,345,358
0,0.332520,10,358.022461
1,63914017,63914048,63914432,63914416,918,346,357
0,0.034180,15,357.956543
1,63914172,63913895,63914585,63914245,894,347,357
0,0.196777,2,357.978516
1,63914238,63914339,63914653,63914694,903,348,358
0,0.299316,6,358.088379
1,63913918,63914152,63914328,63914503,892,349,357
0,0.243652,7,357.956543
1,63914001,63914056,63914424,63914429,933,350,357
0,0.432617,12,357.978516
1,63913972,63914104,63914376,63914455,885,351,358
0,-0.015625,7,358.044434
1,63914044,63914030,63914450,63914380,886,352,358
0,0.324707,8,358.066406
1,63913934,63914115,63914365,63914491,946,353,358
0,-0.077637,16,358.022461
1,63914173,63913897,63914583,63914250,894,354,358
0,0.069824,7,358.000488
1,63913909,63914169,63914311,63914515,877,355,358
0,0.140137,6,358.066406
1,63914227,63914362,63914630,63914708,878,356,358
0,0.396484,5,358.044434
1,63914025,63914045,63914435,63914411,910,357,357
0,0.182129,14,357.912598
1,63914099,63913980,63914500,63914327,877,358,358
0,-0.115723,7,358.022461
1,63913998,63914060,63914420,63914432,931,359,357
0,-0.076660,14,357.978516
1,63914351,63914235,63914757,63914592,894,360,357
0,-0.235840,15,357.978516
1,63913911,63914164,63914316,63914510,880,361,358
0,-0.011719,4,358.022461
1,63914097,63913975,63914505,63914330,894,362,358
0,-0.224121,12,358.066406
1,63914363,63914215,63914777,63914567,898,363,357
0,-0.340332,8,357.978516
1,63914114,63913947,63914533,63914308,914,364,358
0,-0.147949,3,358.000488
1,63914310,63914265,63914727,63914625,911,365,358
0,0.147949,11,358.066406
1,63913945,63914116,63914364,63914489,928,366,358
0,-0.112793,19,358.022461
1,63914093,63913981,63914499,63914339,896,367,358
0,0.093262,17,358.022461
1,63914272,63914302,63914690,63914660,910,368,357
0,0.073730,10,357.978516
1,63914188,63914384,63914608,63914754,926,369,358
0,0.003906,9,358.000488
1,63914012,63914050,63914430,63914418,921,370,358
0,-0.046875,12,358.088379
1,63914269,63914304,63914688,63914681,933,371,358
0,-0.183105,19,358.022461
1,63914035,63914041,63914439,63914392,885,372,357
0,0.281738,7,357.978516
1,63914090,63913982,63914498,63914337,894,373,358
0,0.216309,11,358.022461
1,63914094,63913980,63914500,63914334,891,374,357
0,0.308105,12,357.978516
1,63914239,63914340,63914652,63914693,898,375,358
0,0.062012,4,358.000488
1,63913983,63914081,63914399,63914439,907,376,358
0,0.178223,5,358.044434
1,63914240,63914342,63914650,63914695,894,377,357
0,0.107910,7,357.912598
1,63914238,63914340,63914652,63914696,903,378,358
0,0.000000,6,358.088379
1,63914002,63914050,63914430,63914429,946,379,358
0,0.104004,16,358.088379
1,63913906,63914168,63914312,63914518,886,380,358
0,-0.188965,9,358.022461
1,63914321,63914254,63914738,63914617,914,381,358
0,0.362793,14,358.044434
1,63914348,63914235,63914757,63914596,903,382,358
0,-0.201660,16,358.000488
1,63913939,63914113,63914367,63914487,940,383,358
0,-0.022461,11,358.044434
1,63914333,63914244,63914748,63914609,914,384,357
0,0.312988,15,357.978516
1,63914353,63914233,63914759,63914586,890,385,358
0,-0.197754,10,358.044434
1,63914341,63914238,63914754,63914607,917,386,358
0,-0.042969,24,358.044434
1,63914172,63913904,63914576,63914247,876,387,358
0,0.188965,7,358.022461
1,63914329,63914244,63914748,63914612,923,388,358
0,-0.104980,21,358.000488
1,63914299,63914283,63914709,63914634,892,389,358
0,-0.416016,9,358.022461
1,63914183,63914382,63914610,63914753,936,390,358
0,-0.024414,11,358.022461
1,63914303,63914274,63914718,63914630,904,391,358
0,0.094238,5,358.000488
1,63914240,63914333,63914659,63914689,909,392,358
0,0.231934,11,358.066406
1,63913936,63914124,63914356,63914491,923,393,358
0,0.101074,10,358.022461
1,63914046,63914020,63914460,63914373,899,394,358
0,0.224121,5,358.022461
1,63914300,63914280,63914712,63914633,897,395,358
0,-0.136230,8,358.066406
1,63914349,63914235,63914757,63914593,898,396,357
0,0.011719,17,357.956543
1,63914158,63913914,63914566,63914265,890,397,358
0,0.231934,8,358.022461
1,63914010,63914052,63914428,63914419,920,398,358
0,0.320801,16,358.022461
1,63914183,63914379,63914613,63914751,940,399,357
0,0.078613,10,357.956543
1,63914017,63914047,63914433,63914413,917,400,358
0,0.027344,20,358.066406
1,63914321,63914247,63914745,63914623,938,401,358
0,-0.140137,19,358.022461
1,63913920,63914145,63914335,63914500,903,402,358
0,0.288574,7,358.044434
1,63914362,63914225,63914767,63914573,883,403,358
0,-0.297363,8,358.044434
