1,63914254,63914300,63915716,63915715,3374,0,358
0,-0.072754,3,358.352051
1,63914302,63914262,63915754,63915666,3349,1,358
0,-0.128418,-1,358.395996
1,63913903,63914151,63915353,63915555,3347,2,358
0,0.146973,-3,358.330078
1,63914055,63913966,63915538,63915392,3412,3,358
0,-0.478516,16,358.461914
1,63914186,63914361,63915655,63915764,3368,4,358
0,-0.085449,-5,358.417969
1,63913908,63914151,63915353,63915539,3322,5,358
0,0.062012,-17,358.374023
1,63913985,63914046,63915458,63915465,3392,6,358
0,-0.312988,3,358.374023
1,63914051,63913988,63915516,63915400,3374,7,358
0,-0.326660,2,358.374023
1,63914270,63914296,63915720,63915710,3359,8,358
0,0.065918,5,358.374023
1,63913951,63914086,63915418,63915502,3381,9,358
0,-0.081543,5,358.374023
1,63913969,63914099,63915405,63915519,3349,10,358
0,-0.023438,12,358.308105
1,63914125,63913925,63915579,63915338,3362,11,358
0,-0.441406,6,358.417969
1,63914252,63914273,63915743,63915669,3386,12,358
0,-0.069824,-12,358.417969
1,63913959,63914076,63915428,63915489,3380,13,358
0,0.151855,-13,358.461914
1,63913964,63914075,63915429,63915478,3363,14,358
0,-0.186035,-2,358.330078
1,63914077,63913969,63915535,63915358,3339,15,358
0,-0.224121,-9,358.395996
1,63914275,63914273,63915743,63915711,3408,16,358
0,-0.200684,17,358.352051
1,63913930,63914109,63915395,63915524,3378,17,358
0,-0.554688,3,358.374023
1,63914040,63914025,63915479,63915439,3346,18,358
0,-0.263184,11,358.330078
1,63914045,63913997,63915507,63915409,3371,19,358
0,-0.393555,4,358.395996
1,63914103,63913948,63915556,63915349,3347,20,358
0,-0.363770,-4,358.286133
1,63914066,63913979,63915525,63915379,3353,21,358
0,-0.367676,-3,358.308105
1,63914385,63914181,63915835,63915582,3344,22,358
0,-0.336426,-7,358.461914
1,63913893,63914158,63915346,63915567,3356,23,358
0,-0.169434,7,358.352051
1,63914010,63914033,63915471,63915440,3363,24,358
0,0.132324,-2,358.286133
1,63914164,63913887,63915617,63915305,3367,25,358
0,-0.478516,14,358.352051
1,63914137,63913904,63915600,63915315,3371,26,358
0,0.206543,0,358.417969
1,63913875,63914182,63915322,63915590,3348,27,358
0,-0.321777,-2,358.352051
1,63913936,63914098,63915406,63915520,3392,28,358
0,-0.287598,5,358.374023
1,63914084,63913957,63915547,63915364,3366,29,358
0,-0.003906,-2,358.286133
1,63914299,63914277,63915739,63915681,3335,30,358
0,-0.091309,3,358.417969
1,63914262,63914288,63915728,63915710,3387,31,358
0,-0.478516,13,358.374023
1,63913892,63914157,63915347,63915579,3374,32,358
0,-0.443359,14,358.352051
1,63914105,63913928,63915576,63915356,3400,33,358
0,0.032227,12,358.439941
1,63914121,63913901,63915603,63915305,3385,34,358
0,0.065918,-10,358.374023
1,63914204,63914366,63915650,63915773,3346,35,358
0,-0.401367,7,358.330078
1,63914247,63914301,63915715,63915718,3383,36,358
0,-0.235840,3,358.374023
1,63914262,63914297,63915719,63915717,3374,37,358
0,-0.361816,4,358.439941
1,63913916,63914119,63915385,63915524,3371,38,358
0,-0.116699,-5,358.395996
1,63914108,63913952,63915552,63915354,3338,39,358
0,-0.154785,-6,358.286133
1,63914169,63913878,63915626,63915300,3376,40,358
0,-0.428711,14,358.286133
1,63913876,63914171,63915333,63915585,3367,41,358
0,-0.101074,5,358.352051
1,63913931,63914100,63915404,63915514,3386,42,358
0,-0.011719,2,358.308105
1,63913966,63914090,63915414,63915511,3365,43,358
0,-0.243652,15,358.439941
1,63914047,63914006,63915498,63915416,3355,44,358
0,-0.471680,7,358.439941
1,63914191,63914364,63915652,63915773,3366,45,358
0,0.042969,12,358.264160
1,63914285,63914284,63915732,63915703,3361,46,358
0,-0.212402,10,358.330078
1,63914382,63914168,63915848,63915589,3386,47,358
0,-0.359863,3,358.330078
1,63914013,63914041,63915463,63915457,3361,48,358
0,-0.497070,5,358.286133
1,63914072,63913978,63915526,63915393,3365,49,358
0,-0.093262,5,358.286133
1,63914172,63914380,63915636,63915812,3396,50,358
0,-0.472656,15,358.330078
1,63914315,63914220,63915796,63915640,3402,51,358
0,-0.208496,5,358.352051
1,63914269,63914272,63915744,63915697,3401,52,358
0,-0.003906,8,358.439941
1,63914377,63914170,63915846,63915582,3379,53,358
0,-0.093262,2,358.417969
1,63914077,63913953,63915551,63915366,3386,54,358
0,-0.003906,-7,358.417969
1,63914221,63914363,63915653,63915775,3335,55,358
0,-0.546875,6,358.352051
1,63914099,63913935,63915569,63915340,3372,56,358
0,-0.019531,-13,358.483887
1,63914255,63914309,63915707,63915725,3363,57,358
0,-0.474609,5,358.439941
1,63913880,63914168,63915336,63915587,3372,58,358
0,-0.478516,14,358.395996
1,63914057,63913977,63915527,63915384,3374,59,358
0,0.089355,-1,358.352051
1,63914275,63914287,63915729,63915701,3363,60,358
0,-0.314941,7,358.417969
1,63914332,63914218,63915798,63915644,3392,61,358
0,-0.123535,10,358.352051
1,63914321,63914243,63915773,63915652,3355,62,358
0,-0.649414,3,358.417969
1,63914299,63914262,63915754,63915673,3361,63,358
0,-0.393555,4,358.439941
1,63914322,63914226,63915790,63915643,3383,64,358
0,0.097168,1,358.308105
1,63914028,63914004,63915500,63915411,3376,65,358
0,0.038086,-15,358.352051
1,63914124,63913925,63915579,63915337,3362,66,358
0,-0.580078,9,358.374023
1,63914315,63914241,63915775,63915657,3373,67,358
0,-0.574219,3,358.417969
1,63913976,63914068,63915436,63915479,3367,68,358
0,-0.136230,-1,358.395996
1,63913975,63914082,63915422,63915498,3358,69,358
0,-0.035156,7,358.352051
1,63914159,63913893,63915611,63915305,3359,70,358
0,-0.123535,5,358.308105
1,63914350,63914185,63915831,63915604,3401,71,358
0,-0.077637,0,358.374023
1,63914028,63914035,63915469,63915435,3332,72,358
0,-0.073730,-8,358.395996
1,63914040,63913999,63915505,63915425,3390,73,358
0,-0.293457,12,358.330078
1,63914116,63913915,63915589,63915328,3385,74,358
0,-0.174316,8,358.330078
1,63913961,63914089,63915415,63915494,3353,75,358
0,-0.196777,2,358.374023
1,63913990,63914049,63915455,63915468,3382,76,358
0,-0.328613,4,358.308105
1,63914154,63913887,63915617,63915318,3394,77,358
0,-0.435547,16,358.417969
1,63914239,63914315,63915701,63915719,3361,78,358
0,0.132324,-6,358.374023
1,63914358,63914194,63915822,63915602,3368,79,358
0,-0.023438,-1,358.374023
1,63914170,63914379,63915637,63915789,3374,80,358
0,-0.504883,3,358.483887
1,63913895,63914161,63915343,63915574,3355,81,358
0,-0.401367,14,358.417969
1,63914143,63913915,63915589,63915318,3341,82,358
0,-0.520508,7,358.395996
1,63913920,63914123,63915381,63915535,3369,83,358
0,-0.407227,5,358.330078
1,63913965,63914072,63915432,63915494,3388,84,358
0,-0.336426,1,358.417969
1,63914052,63913974,63915530,63915398,3403,85,358
0,-0.500000,9,358.417969
1,63914261,63914301,63915715,63915721,3371,86,358
0,-0.424805,12,358.352051
1,63913885,63914178,63915326,63915588,3344,87,358
0,-0.354004,3,358.308105
1,63914011,63914036,63915468,63915444,3360,88,358
0,0.305176,6,358.330078
1,63914233,63914320,63915696,63915735,3375,89,358
0,-0.042969,5,358.286133
1,63913919,63914109,63915395,63915525,3392,90,358
0,-0.456055,1,358.483887
1,63914088,63913969,63915535,63915382,3354,91,358
0,0.015625,10,358.395996
1,63914230,63914320,63915696,63915735,3379,92,358
0,0.062012,1,358.374023
1,63914035,63914014,63915490,63915423,3359,93,358
0,-0.003906,5,358.417969
1,63914170,63913874,63915630,63915278,3359,94,358
0,-0.003906,2,358.352051
1,63914038,63914012,63915492,63915440,3380,95,358
0,-0.328613,14,358.264160
1,63914206,63914336,63915680,63915739,3374,96,358
0,-0.039062,-3,358.395996
1,63914125,63913916,63915588,63915320,3362,97,358
0,0.155762,-4,358.439941
1,63913908,63914149,63915355,63915564,3356,98,358
0,-0.328613,12,358.330078
1,63913985,63914057,63915447,63915453,3352,99,358
0,0.174316,-9,358.308105
1,63914225,63914317,63915699,63915758,3419,100,358
0,-0.289551,10,358.417969
1,63914106,63913937,63915567,63915362,3385,101,358
0,-0.403320,19,358.417969
1,63914145,63913898,63915606,63915310,3369,102,358
0,0.007812,10,358.395996
1,63914356,63914201,63915815,63915600,3352,103,358
0,-0.023438,0,358.395996
1,63914236,63914309,63915707,63915721,3381,104,358
0,-0.107910,2,358.286133
1,63914043,63914002,63915502,63915439,3396,105,358
0,-0.137207,19,358.286133
1,63914181,63914368,63915648,63915787,3385,106,358
0,-0.603516,7,358.374023
1,63914368,63914182,63915834,63915592,3373,107,358
0,-0.019531,-3,358.374023
1,63914094,63913960,63915544,63915346,3326,108,358
0,0.042969,-13,358.374023
1,63913927,63914107,63915397,63915509,3368,109,358
0,0.089355,-1,358.461914
1,63914299,63914244,63915772,63915663,3392,110,358
0,-0.616211,5,358.439941
1,63913982,63914058,63915446,63915475,3379,111,358
0,-0.447266,6,358.395996
1,63914158,63913894,63915610,63915309,3362,112,358
0,-0.309082,16,358.352051
1,63913932,63914105,63915399,63915526,3387,113,358
0,-0.437500,18,358.308105
1,63914095,63913944,63915560,63915376,3397,114,358
0,-0.074707,22,358.505859
1,63913923,63914112,63915392,63915536,3393,115,358
0,-0.590820,8,358.374023
1,63914128,63913906,63915598,63915322,3385,116,358
0,0.062012,-2,358.352051
1,63913986,63914050,63915454,63915470,3387,117,358
0,0.084473,0,358.330078
1,63914379,63914186,63915830,63915589,3347,118,358
0,-0.100098,-2,358.395996
1,63914121,63913920,63915584,63915335,3375,119,358
0,-0.561523,5,358.395996
1,63914034,63913999,63915505,63915419,3390,120,358
0,-0.150879,4,358.352051
1,63914311,63914235,63915781,63915654,3388,121,358
0,0.003906,-6,358.417969
1,63914226,63914327,63915689,63915750,3385,122,358
0,-0.104980,17,358.330078
1,63914024,63914028,63915476,63915443,3362,123,358
0,-0.316895,11,358.352051
1,63914375,63914157,63915859,63915567,3394,124,358
0,-0.321777,7,358.286133
1,63914325,63914232,63915784,63915642,3365,125,358
0,0.022461,6,358.417969
1,63914253,63914301,63915715,63915718,3376,126,358
0,-0.140137,2,358.374023
1,63914194,63914352,63915664,63915767,3383,127,358
0,-0.174316,6,358.439941
1,63914226,63914351,63915665,63915757,3336,128,358
0,-0.177246,11,358.330078
1,63914103,63913945,63915559,63915364,3372,129,358
0,-0.433594,17,358.330078
1,63913893,63914153,63915351,63915567,3368,130,358
0,-0.205566,9,358.330078
1,63914366,63914172,63915844,63915586,3392,131,358
0,-0.436523,8,358.308105
1,63914182,63914375,63915641,63915779,3358,132,358
0,-0.062012,1,358.395996
1,63914038,63914004,63915500,63915424,3380,133,358
0,-0.343262,10,358.352051
1,63914006,63914034,63915470,63915450,3378,134,358
0,0.194824,0,358.308105
1,63914323,63914224,63915792,63915644,3388,135,358
0,-0.423828,9,358.439941
1,63914226,63914326,63915690,63915738,3373,136,358
0,-0.232910,4,358.330078
1,63914052,63913983,63915521,63915403,3388,137,358
0,-0.015625,7,358.417969
1,63914111,63913933,63915571,63915334,3355,138,358
0,-0.173340,-6,358.352051
1,63913916,63914115,63915389,63915528,3385,139,358
0,-0.121582,1,358.439941
1,63914326,63914226,63915790,63915640,3375,140,358
0,0.072754,11,358.308105
1,63913933,63914111,63915393,63915509,3352,141,358
0,0.212402,-5,358.352051
1,63914171,63914385,63915631,63915797,3368,142,358
0,-0.459961,5,358.330078
1,63914076,63913980,63915524,63915389,3351,143,358
0,-0.224121,9,358.374023
1,63914174,63914367,63915649,63915773,3379,144,358
0,-0.263184,-4,358.352051
1,63914317,63914239,63915777,63915649,3366,145,358
0,-0.585938,-6,358.286133
1,63914177,63914367,63915649,63915782,3386,146,358
0,-0.497070,1,358.308105
1,63914047,63913973,63915531,63915386,3397,147,358
0,0.100098,7,358.330078
1,63914173,63913885,63915619,63915275,3326,148,358
0,0.116699,0,358.395996
1,63914113,63913938,63915566,63915353,3363,149,358
0,-0.231934,16,358.374023
1,63914251,63914312,63915704,63915717,3352,150,358
0,-0.332520,1,358.374023
1,63914183,63914361,63915655,63915776,3386,151,358
0,0.062012,9,358.308105
1,63914216,63914354,63915662,63915763,3348,152,358
0,-0.104980,8,358.352051
1,63914232,63914302,63915714,63915715,3395,153,358
0,0.003906,-3,358.374023
1,63914087,63913981,63915523,63915376,3320,154,358
0,-0.409180,7,358.330078
1,63914292,63914262,63915754,63915675,3372,155,358
0,-0.412109,2,358.374023
1,63914323,63914223,63915793,63915633,3378,156,358
0,0.011719,9,358.439941
1,63914119,63913918,63915586,63915331,3378,157,358
0,-0.076660,3,358.483887
1,63914081,63913977,63915527,63915389,3352,158,358
0,0.031250,9,358.417969
1,63914057,63913976,63915528,63915386,3379,159,358
0,0.019531,12,358.374023
1,63914026,63914005,63915499,63915453,3426,160,358
0,-0.314941,27,358.417969
1,63914190,63914365,63915651,63915773,3365,161,358
0,0.093262,2,358.308105
1,63914000,63914039,63915465,63915444,3366,162,358
0,0.015625,4,358.352051
1,63914057,63913983,63915521,63915394,3372,163,358
0,-0.216309,0,358.439941
1,63914177,63914369,63915647,63915784,3383,164,358
0,-0.314941,8,358.439941
1,63914147,63913905,63915599,63915306,3346,165,358
0,-0.115723,2,358.395996
1,63914043,63913987,63915517,63915417,3406,166,358
0,-0.512695,10,358.374023
1,63914276,63914295,63915721,63915701,3344,167,358
0,-0.328613,7,358.308105
1,63914178,63914371,63915645,63915780,3373,168,358
0,-0.120605,4,358.395996
1,63914205,63914359,63915657,63915762,3348,169,358
0,-0.331543,4,358.308105
1,63914046,63914000,63915504,63915407,3360,170,358
0,-0.348145,0,358.352051
1,63913962,63914086,63915418,63915501,3367,171,358
0,-0.359863,10,358.308105
1,63913965,63914068,63915436,63915494,3397,172,358
0,-0.386719,7,358.374023
1,63914256,63914295,63915721,63915700,3366,173,358
0,0.123535,-1,358.439941
1,63914160,63913908,63915596,63915314,3333,174,358
0,-0.015625,9,358.286133
1,63914247,63914301,63915715,63915698,3360,175,358
0,0.279785,-3,358.395996
1,63914276,63914292,63915724,63915696,3345,176,358
0,-0.351074,2,358.286133
1,63913885,63914163,63915341,63915566,3353,177,358
0,0.128418,3,358.374023
1,63913906,63914132,63915372,63915539,3369,178,358
0,0.247559,-2,358.374023
1,63913923,63914124,63915380,63915528,3355,179,358
0,-0.019531,2,358.483887
1,63913881,63914173,63915331,63915590,3362,180,358
0,-0.508789,17,358.417969
1,63913937,63914109,63915395,63915521,3366,181,358
0,-0.523438,5,358.330078
1,63914004,63914038,63915466,63915446,3366,182,358
0,-0.104980,8,358.374023
1,63914381,63914181,63915835,63915585,3352,183,358
0,-0.124512,-1,358.439941
1,63914243,63914292,63915724,63915707,3396,184,358
0,-0.185059,-4,358.417969
1,63914162,63914385,63915631,63915789,3369,185,358
0,-0.123535,-4,358.395996
1,63914025,63914040,63915464,63915446,3336,186,358
0,-0.111816,3,358.395996
1,63913902,63914141,63915363,63915538,3352,187,358
0,-0.072754,-8,358.308105
1,63914208,63914351,63915665,63915767,3369,188,358
0,0.067871,7,358.374023
1,63914260,63914302,63915714,63915713,3360,189,358
0,0.015625,5,358.395996
1,63914328,63914229,63915787,63915648,3375,190,358
0,-0.546875,10,358.352051
1,63914349,63914225,63915791,63915632,3341,191,358
0,-0.316895,8,358.417969
1,63913915,63914120,63915384,63915523,3368,192,358
0,0.017578,2,358.395996
1,63913994,63914043,63915461,63915452,3373,193,358
0,-0.389648,4,358.374023
1,63913907,63914146,63915358,63915565,3366,194,358
0,-0.312988,9,358.439941
1,63913998,63914038,63915466,63915461,3390,195,358
0,-0.239746,14,358.308105
1,63914165,63913883,63915621,63915292,3360,196,358
0,-0.316895,2,358.308105
1,63914104,63913922,63915582,63915338,3394,197,358
0,0.033203,-1,358.352051
1,63914371,63914166,63915850,63915587,3401,198,358
0,-0.226074,6,358.330078
1,63914303,63914268,63915748,63915679,3349,199,358
0,-0.200684,7,358.330078
1,63914097,63913946,63915558,63915345,3354,200,358
0,0.107910,-5,358.395996
1,63914358,63914203,63915813,63915628,3378,201,358
0,-0.394531,11,358.352051
1,63914305,63914262,63915754,63915675,3356,202,358
0,-0.425781,10,358.395996
1,63914074,63913965,63915539,63915372,3368,203,358
0,-0.039062,11,358.308105
1,63913971,63914084,63915420,63915505,3366,204,358
0,0.023438,18,358.374023
1,63913931,63914108,63915396,63915515,3368,205,358
0,0.039062,-4,358.483887
1,63914303,63914237,63915779,63915664,3405,206,358
0,-0.309082,13,358.286133
1,63914292,63914276,63915740,63915697,3365,207,358
0,-0.226074,26,358.352051
1,63914279,63914279,63915737,63915692,3367,208,358
0,0.214355,8,358.308105
1,63914179,63914367,63915649,63915785,3387,209,358
0,-0.373535,3,358.286133
1,63914184,63914366,63915650,63915785,3383,210,358
0,-0.570312,3,358.374023
1,63913948,63914085,63915419,63915502,3387,211,358
0,0.100098,10,358.374023
1,63914107,63913931,63915573,63915339,3371,212,358
0,-0.061035,-2,358.417969
1,63914108,63913945,63915559,63915357,3358,213,358
0,-0.324707,4,358.395996
1,63914097,63913942,63915562,63915358,3379,214,358
0,0.089355,-1,358.330078
1,63914332,63914213,63915803,63915631,3388,215,358
0,0.096191,9,358.330078
1,63914312,63914237,63915779,63915648,3375,216,358
0,0.003906,3,358.395996
1,63914138,63913900,63915604,63915315,3379,217,358
0,-0.088379,9,358.352051
1,63914105,63913930,63915574,63915336,3372,218,358
0,-0.141113,-1,358.417969
1,63914110,63913920,63915584,63915340,3394,219,358
0,-0.112793,2,358.286133
1,63914076,63913974,63915530,63915386,3361,220,358
0,-0.124512,11,358.417969
1,63914032,63913994,63915510,63915407,3390,221,358
0,-0.003906,0,358.308105
1,63913941,63914101,63915403,63915516,3374,222,358
0,0.093262,1,358.439941
1,63914306,63914238,63915778,63915649,3381,223,358
0,0.069824,-1,358.330078
1,63914310,63914228,63915788,63915644,3394,224,358
0,0.170410,9,358.308105
1,63914359,63914187,63915829,63915625,3410,225,358
0,-0.285645,16,358.286133
1,63914319,63914235,63915781,63915640,3362,226,358
0,-0.019531,4,358.352051
1,63913989,63914047,63915457,63915449,3366,227,358
0,0.081543,2,358.417969
1,63914245,63914298,63915718,63915713,3387,228,358
0,0.084473,6,358.352051
1,63914370,63914187,63915829,63915588,3354,229,358
0,-0.293457,-2,358.352051
1,63914253,63914310,63915706,63915722,3360,230,358
0,-0.498047,14,358.374023
1,63914047,63914003,63915501,63915416,3362,231,358
0,-0.237793,9,358.264160
1,63913923,63914103,63915401,63915519,3394,232,358
0,-0.084473,13,358.374023
1,63914079,63913963,63915541,63915386,3383,233,358
0,-0.287598,13,358.439941
1,63914030,63914034,63915470,63915432,3328,234,358
0,-0.171387,8,358.417969
1,63914300,63914242,63915774,63915649,3379,235,358
0,0.084473,-1,358.395996
1,63914273,63914298,63915718,63915705,3345,236,358
0,-0.151855,10,358.374023
1,63914233,63914317,63915699,63915725,3371,237,358
0,0.171387,-3,358.374023
1,63914170,63913874,63915630,63915281,3362,238,358
0,-0.023438,0,358.417969
1,63914177,63914365,63915651,63915790,3400,239,358
0,-0.429688,9,358.374023
1,63914008,63914011,63915493,63915434,3410,240,358
0,-0.100098,1,358.395996
1,63914166,63914376,63915640,63915802,3401,241,358
0,-0.416016,7,358.330078
1,63914136,63913913,63915591,63915319,3355,242,358
0,0.124512,6,358.330078
1,63914052,63913975,63915529,63915380,3380,243,358
0,0.034180,-1,358.352051
1,63914057,63913985,63915519,63915401,3375,244,358
0,-0.320801,8,358.308105
1,63914227,63914351,63915665,63915744,3320,245,358
0,0.042969,-1,358.395996
1,63914284,63914302,63915714,63915705,3322,246,358
0,0.147949,4,358.374023
1,63914340,63914228,63915788,63915637,3351,247,358
0,-0.086426,12,358.395996
1,63913910,63914132,63915372,63915545,3372,248,358
0,-0.069824,2,358.330078
1,63914318,63914214,63915802,63915612,3380,249,358
0,0.281738,-13,358.395996
1,63914307,63914231,63915785,63915643,3389,250,358
0,-0.015625,-2,358.330078
1,63914005,63914032,63915472,63915447,3380,251,358
0,-0.348145,10,358.374023
1,63914089,63913974,63915530,63915378,3336,252,358
0,-0.282715,7,358.374023
1,63914010,63914039,63915465,63915439,3348,253,358
0,-0.035156,9,358.352051
1,63913931,63914105,63915399,63915512,3372,254,358
0,0.067871,16,358.330078
1,63914176,63914381,63915635,63915783,3355,255,358
0,0.000000,-5,358.308105
1,63914224,63914315,63915701,63915750,3415,256,358
0,-0.312988,9,358.286133
1,63914168,63914375,63915641,63915787,3383,257,358
0,-0.332520,-3,358.374023
1,63914277,63914270,63915746,63915690,3388,258,358
0,-0.316895,13,358.439941
1,63914345,63914222,63915794,63915624,3344,259,358
0,0.093262,-1,358.374023
1,63914055,63913991,63915513,63915402,3365,260,358
0,-0.478516,4,358.374023
1,63913931,63914109,63915395,63915519,3371,261,358
0,-0.015625,9,358.286133
1,63914021,63914033,63915471,63915443,3354,262,358
0,0.088379,9,358.439941
1,63914021,63914039,63915465,63915451,3349,263,358
0,0.007812,15,358.417969
1,63913997,63914047,63915457,63915459,3368,264,358
0,-0.077637,-1,358.308105
1,63913977,63914050,63915454,63915479,3408,265,358
0,-0.440430,15,358.330078
1,63913931,63914111,63915393,63915519,3366,266,358
0,-0.263184,3,358.330078
1,63914313,63914237,63915779,63915647,3373,267,358
0,0.013672,2,358.308105
1,63913876,63914171,63915333,63915581,3362,268,358
0,0.104980,8,358.352051
1,63913907,63914118,63915386,63915551,3415,269,358
0,-0.525391,6,358.352051
1,63914044,63914001,63915503,63915403,3355,270,358
0,-0.194824,1,358.286133
1,63914168,63914374,63915642,63915790,3389,271,358
0,-0.144043,1,358.352051
1,63914192,63914340,63915676,63915767,3414,272,358
0,-0.116699,16,358.374023
1,63913922,63914118,63915386,63915522,3363,273,358
0,-0.132324,-2,358.374023
1,63913999,63914042,63915462,63915454,3372,274,358
0,0.062012,3,358.374023
1,63914039,63914009,63915495,63915412,3353,275,358
0,-0.007812,0,358.374023
1,63914214,63914356,63915660,63915754,3335,276,358
0,0.112793,3,358.417969
1,63914209,63914341,63915675,63915758,3381,277,358
0,-0.182129,12,358.352051
1,63914246,63914279,63915737,63915711,3428,278,358
0,-0.552734,16,358.374023
1,63914287,63914276,63915740,63915674,3344,279,358
0,0.085449,-4,358.395996
1,63914067,63913979,63915525,63915379,3352,280,358
0,0.249512,-2,358.417969
1,63914171,63914376,63915640,63915788,3379,281,358
0,-0.035156,-7,358.417969
1,63914221,63914347,63915669,63915762,3358,282,358
0,0.062012,11,358.352051
1,63914099,63913932,63915572,63915347,3387,283,358
0,0.104980,-3,358.439941
1,63914180,63914372,63915644,63915779,3367,284,358
0,-0.301270,-3,358.374023
1,63914054,63913983,63915521,63915392,3373,285,358
0,-0.188965,-1,358.439941
1,63914083,63913967,63915537,63915372,3353,286,358
0,0.177246,4,358.374023
1,63914118,63913931,63915573,63915341,3360,287,358
0,-0.484375,12,358.439941
1,63913902,63914153,63915351,63915543,3329,288,358
0,-0.129395,3,358.330078
1,63914297,63914273,63915743,63915677,3342,289,358
0,-0.124512,9,358.330078
1,63914303,63914228,63915788,63915650,3409,290,358
0,-0.073730,4,358.417969
1,63914118,63913933,63915571,63915329,3341,291,358
0,-0.155762,2,358.395996
1,63913941,63914100,63915404,63915521,3382,292,358
0,-0.471680,9,358.374023
1,63914170,63914370,63915646,63915788,3394,293,358
0,-0.224121,1,358.308105
1,63913913,63914126,63915378,63915545,3382,294,358
0,-0.414062,7,358.395996
1,63914071,63913978,63915526,63915373,3342,295,358
0,0.150879,5,358.395996
1,63914088,63913972,63915532,63915370,3333,296,358
0,0.140137,2,358.352051
1,63913906,63914156,63915348,63915553,3329,297,358
0,-0.521484,3,358.395996
1,63914368,63914182,63915834,63915586,3366,298,358
0,0.077637,7,358.417969
1,63914360,63914186,63915830,63915611,3395,299,358
0,-0.309082,4,358.439941
1,63914046,63913982,63915522,63915390,3382,300,358
0,0.093262,0,358.264160
1,63914347,63914205,63915811,63915607,3361,301,358
0,-0.316895,2,358.395996
1,63914199,63914353,63915663,63915779,3389,302,358
0,-0.386719,18,358.352051
1,63914159,63914384,63915632,63915810,3400,303,358
0,0.046875,7,358.374023
1,63914242,63914300,63915716,63915720,3394,304,358
0,-0.291504,9,358.352051
1,63914158,63913876,63915628,63915296,3389,305,358
0,-0.108887,6,358.352051
1,63913890,63914166,63915338,63915560,3333,306,358
0,-0.123535,2,358.374023
1,63914055,63913987,63915517,63915394,3365,307,358
0,0.220215,4,358.374023
1,63914145,63913908,63915596,63915310,3346,308,358
0,-0.197754,3,358.439941
1,63914298,63914258,63915758,63915662,3359,309,358
0,-0.073730,-3,358.352051
1,63914222,63914341,63915675,63915747,3353,310,358
0,-0.239746,0,358.439941
1,63914194,63914365,63915651,63915765,3351,311,358
0,0.073730,4,358.374023
1,63914246,63914301,63915715,63915715,3381,312,358
0,0.065918,4,358.417969
1,63914011,63914041,63915463,63915448,3353,313,358
0,0.109863,16,358.374023
1,63914051,63913981,63915523,63915389,3378,314,358
0,0.181152,11,358.308105
1,63914133,63913914,63915590,63915318,3355,315,358
0,0.022461,8,358.395996
1,63914298,63914263,63915753,63915657,3341,316,358
0,0.214355,-3,358.308105
1,63914296,63914256,63915760,63915673,3379,317,358
0,-0.154785,3,358.374023
1,63914385,63914175,63915841,63915588,3365,318,358
0,-0.329590,16,358.330078
1,63914146,63913913,63915591,63915311,3334,319,358
0,0.104004,4,358.286133
1,63913941,63914104,63915400,63915517,3368,320,358
0,-0.182129,9,358.417969
1,63913962,63914094,63915410,63915518,3368,321,358
0,-0.175293,25,358.330078
1,63914369,63914190,63915826,63915590,3351,322,358
0,-0.069824,-3,358.352051
1,63914297,63914271,63915745,63915666,3334,323,358
0,0.092285,-4,358.439941
1,63914262,63914292,63915724,63915713,3381,324,358
0,-0.205566,6,358.374023
1,63913961,63914090,63915414,63915498,3355,325,358
0,-0.112793,9,358.352051
1,63914230,63914321,63915695,63915737,3379,326,358
0,-0.287598,14,358.439941
1,63914251,63914298,63915718,63915715,3382,327,358
0,0.076660,5,358.395996
1,63914235,63914303,63915713,63915720,3395,328,358
0,-0.375488,3,358.352051
1,63914195,63914366,63915650,63915775,3359,329,358
0,-0.120605,11,358.417969
1,63914315,63914246,63915770,63915646,3348,330,358
0,0.015625,1,358.286133
1,63914183,63914369,63915647,63915776,3367,331,358
0,-0.366699,4,358.417969
1,63913997,63914041,63915463,63915454,3376,332,358
0,0.208496,5,358.330078
1,63914237,63914308,63915708,63915720,3381,333,358
0,0.000000,-1,358.352051
1,63913979,63914060,63915444,63915467,3368,334,358
0,0.136230,-1,358.417969
1,63914002,63914060,63915444,63915460,3333,335,358
0,-0.146973,5,358.352051
1,63914368,63914178,63915838,63915584,3373,336,358
0,-0.027344,0,358.374023
1,63914287,63914266,63915750,63915687,3382,337,358
0,-0.212402,19,358.286133
1,63914319,63914237,63915779,63915645,3363,338,358
0,0.298340,11,358.330078
1,63914098,63913948,63915556,63915381,3390,339,358
0,-0.229004,28,358.374023
1,63914362,63914184,63915832,63915598,3382,340,358
0,-0.446289,7,358.374023
1,63914003,63914043,63915461,63915455,3366,341,358
0,0.015625,9,358.417969
1,63914199,63914353,63915663,63915762,3369,342,358
0,0.249512,4,358.395996
1,63914031,63914022,63915482,63915415,3335,343,358
0,-0.143066,-4,358.352051
1,63914378,63914171,63915845,63915577,3369,344,358
0,-0.019531,9,358.330078
1,63914267,63914285,63915731,63915702,3379,345,358
0,0.177246,7,358.330078
1,63914111,63913924,63915580,63915336,3379,346,358
0,-0.196777,-1,358.330078
1,63914110,63913930,63915574,63915337,3367,347,358
0,0.000000,2,358.330078
1,63914360,63914189,63915827,63915604,3380,348,358
0,0.198730,6,358.461914
1,63913985,63914048,63915456,63915454,3374,349,358
0,-0.235840,3,358.395996
1,63913992,63914046,63915458,63915455,3372,350,358
0,0.183105,6,358.439941
1,63913894,63914148,63915356,63915554,3363,351,358
0,-0.231934,7,358.461914
1,63913982,63914054,63915450,63915464,3375,352,358
0,-0.201660,0,358.417969
1,63914266,63914302,63915714,63915702,3340,353,358
0,-0.073730,5,358.439941
1,63913990,63914047,63915457,63915455,3372,354,358
0,-0.128418,1,358.395996
1,63914117,63913930,63915574,63915338,3360,355,358
0,0.119629,7,358.417969
1,63914352,63914205,63915811,63915599,3346,356,358
0,0.035156,-8,358.417969
1,63913915,63914115,63915389,63915548,3409,357,358
0,-0.433594,15,358.352051
1,63913976,63914056,63915448,63915462,3375,358,358
0,-0.132324,-1,358.505859
1,63914222,63914345,63915671,63915751,3348,359,358
0,-0.197754,13,358.395996
1,63913987,63914045,63915459,63915459,3385,360,358
0,-0.371582,7,358.483887
1,63914098,63913942,63915562,63915346,3363,361,358
0,-0.363770,5,358.352051
1,63914244,63914305,63915711,63915714,3373,362,358
0,-0.435547,2,358.374023
1,63913931,63914106,63915398,63915519,3378,363,358
0,-0.225098,-1,358.417969
1,63914189,63914364,63915652,63915778,3374,364,358
0,0.015625,6,358.308105
1,63914233,63914329,63915687,63915719,3335,365,358
0,0.035156,-3,358.352051
1,63913969,63914080,63915424,63915479,3347,366,358
0,0.065918,1,358.308105
1,63914224,63914344,63915672,63915739,3334,367,358
0,-0.065918,2,358.264160
1,63914273,63914288,63915728,63915692,3353,368,358
0,0.011719,8,358.395996
1,63914381,63914168,63915848,63915575,3371,369,358
0,0.221191,5,358.352051
1,63913981,63914048,63915456,63915458,3383,370,358
0,-0.443359,2,358.352051
1,63913974,63914057,63915447,63915468,3382,371,358
0,0.196777,-8,358.352051
1,63914208,63914340,63915676,63915758,3385,372,358
0,-0.214355,21,358.374023
1,63914314,63914232,63915784,63915631,3365,373,358
0,-0.150879,3,358.352051
1,63913980,63914058,63915446,63915466,3371,374,358
0,0.007812,-1,358.374023
1,63914010,63914046,63915458,63915452,3347,375,358
0,-0.124512,10,358.439941
1,63914092,63913944,63915560,63915357,3379,376,358
0,-0.212402,11,358.374023
1,63914327,63914227,63915789,63915645,3378,377,358
0,-0.239746,22,358.352051
1,63914058,63913981,63915523,63915395,3376,378,358
0,-0.220215,3,358.483887
1,63914199,63914352,63915664,63915754,3362,379,358
0,-0.281738,1,358.395996
1,63914371,63914176,63915840,63915583,3373,380,358
0,-0.192871,-4,358.374023
1,63913914,63914115,63915389,63915525,3383,381,358
0,-0.019531,-2,358.374023
1,63914179,63914373,63915643,63915782,3369,382,358
0,-0.289551,4,358.308105
1,63914302,63914238,63915778,63915655,3393,383,358
0,-0.130371,0,358.439941
1,63914333,63914227,63915789,63915642,3367,384,358
0,-0.093262,12,358.461914
1,63914015,63914046,63915458,63915446,3334,385,358
0,0.093262,7,358.286133
1,63914046,63913993,63915511,63915398,3366,386,358
0,-0.281738,5,358.352051
1,63914267,63914293,63915723,63915705,3363,387,358
0,-0.003906,9,358.395996
1,63914239,63914309,63915707,63915719,3375,388,358
0,0.100098,-3,358.395996
1,63913908,63914134,63915370,63915533,3355,389,358
0,-0.235840,-4,358.374023
1,63914046,63913985,63915519,63915403,3390,390,358
0,-0.525391,8,358.417969
1,63914193,63914363,63915653,63915750,3339,391,358
0,-0.015625,-7,358.395996
1,63914176,63914368,63915648,63915777,3379,392,358
0,-0.196777,1,358.439941
1,63914356,63914212,63915804,63915600,3326,393,358
0,-0.136230,-9,358.352051
1,63914002,63914040,63915464,63915448,3366,394,358
0,0.189941,5,358.417969
1,63914165,63913876,63915628,63915289,3373,395,358
0,-0.228027,4,358.417969
1,63913885,63914148,63915356,63915556,3376,396,358
0,0.187012,2,358.395996
1,63914053,63913982,63915522,63915387,3371,397,358
0,-0.115723,7,358.374023
1,63914375,63914177,63915839,63915586,3369,398,358
0,-0.116699,3,358.439941
1,63914248,63914301,63915715,63915715,3379,399,358
0,-0.027344,12,358.483887
1,63913886,63914138,63915366,63915555,3397,400,358
0,0.139160,0,358.395996
1,63914068,63913972,63915532,63915381,3369,401,358
0,-0.240723,5,358.439941
1,63914098,63913936,63915568,63915342,3373,402,358
0,0.142090,2,358.374023
1,63914221,63914343,63915673,63915761,3366,403,358
0,-0.113770,20,358.330078
1,63914250,63914301,63915715,63915713,3374,404,358
0,-0.140137,8,358.395996
1,63914346,63914215,63915801,63915626,3361,405,358
0,0.088379,5,358.330078
1,63914022,63914038,63915466,63915445,3344,406,358
0,-0.348145,8,358.395996
1,63914202,63914349,63915667,63915771,3386,407,358
0,-0.140137,9,358.483887
1,63914361,63914191,63915825,63915604,3374,408,358
0,-0.107910,1,358.395996
1,63914103,63913955,63915549,63915352,3334,409,358
0,-0.281738,2,358.330078
1,63914100,63913949,63915555,63915343,3341,410,358
0,0.062012,-3,358.330078
1,63914284,63914258,63915758,63915668,3382,411,358
0,0.128418,-1,358.395996
1,63913996,63914039,63915465,63915437,3362,412,358
0,0.196777,3,358.308105
