1,63914350,63914346,63915670,63915614,3035,0,358
0,-0.472656,32,358.374023
1,63914112,63914048,63915456,63915317,3064,1,358
0,-0.144043,29,358.417969
1,63914046,63914117,63915387,63915390,3066,2,358
0,-0.293457,25,358.352051
1,63913988,63914177,63915327,63915452,3066,3,358
0,-0.301270,25,358.395996
1,63914034,63914125,63915379,63915402,3075,4,358
0,-0.263184,21,358.330078
1,63914203,63913966,63915538,63915221,3037,5,358
0,-0.011719,21,358.395996
1,63913987,63914174,63915330,63915461,3084,6,358
0,-0.307129,42,358.374023
1,63913954,63914211,63915293,63915490,3070,7,358
0,-0.143066,22,358.264160
1,63913986,63914178,63915326,63915460,3075,8,358
0,-0.120605,30,358.395996
1,63914048,63914123,63915381,63915401,3062,9,358
0,-0.283691,31,358.352051
1,63913912,63914275,63915229,63915534,3021,10,358
0,-0.128418,18,358.417969
1,63914106,63914058,63915446,63915328,3061,11,358
0,-0.251465,31,358.308105
1,63913894,63914288,63915216,63915538,3016,12,358
0,-0.192871,18,358.395996
1,63914083,63914086,63915418,63915354,3053,13,358
0,-0.231934,31,358.330078
1,63914110,63914045,63915459,63915330,3089,14,358
0,-0.368652,43,358.395996
1,63914381,63914291,63915725,63915563,3068,15,358
0,-0.085449,32,358.374023
1,63914366,63914313,63915703,63915587,3062,16,358
0,-0.352051,41,358.308105
1,63914071,63914100,63915404,63915377,3061,17,358
0,-0.077637,35,358.308105
1,63914108,63914060,63915444,63915332,3059,18,358
0,-0.368652,26,358.439941
1,63914286,63914384,63915632,63915663,3078,19,358
0,-0.263184,22,358.417969
1,63914044,63914133,63915371,63915405,3048,20,358
0,-0.670898,19,358.417969
1,63914379,63914305,63915711,63915567,3042,21,358
0,-0.127441,32,358.330078
1,63914078,63914093,63915411,63915369,3060,22,358
0,-0.224121,27,358.352051
1,63914234,63913943,63915561,63915209,3041,23,358
0,-0.396484,22,358.374023
1,63913965,63914206,63915298,63915478,3055,24,358
0,-0.039062,22,358.330078
1,63914370,63914307,63915709,63915593,3078,25,358
0,-0.354004,34,358.395996
1,63914137,63914030,63915474,63915299,3056,26,358
0,-0.328613,28,358.417969
1,63914366,63914307,63915709,63915585,3074,27,358
0,-0.249512,38,358.439941
1,63914110,63914045,63915459,63915330,3089,28,358
0,-0.344238,24,358.286133
1,63913894,63914268,63915236,63915555,3083,29,358
0,-0.065918,29,358.417969
1,63913979,63914217,63915287,63915470,3003,30,358
0,-0.367676,29,358.395996
1,63913988,63914170,63915334,63915460,3091,31,358
0,-0.498047,33,358.374023
1,63914169,63914000,63915504,63915273,3059,32,358
0,-0.303223,37,358.308105
1,63914228,63913942,63915562,63915218,3061,33,358
0,-0.104004,10,358.374023
1,63914366,63914303,63915713,63915587,3085,34,358
0,-0.123535,31,358.439941
1,63914282,63913888,63915616,63915159,3055,35,358
0,-0.389648,19,358.330078
1,63913899,63914288,63915216,63915540,3013,36,358
0,0.046875,21,358.439941
1,63914370,63914306,63915710,63915586,3073,37,358
0,-0.261230,33,358.308105
1,63913970,63914201,63915303,63915476,3059,38,358
0,-0.425781,26,358.374023
1,63914079,63914099,63915405,63915369,3044,39,358
0,-0.042969,29,358.374023
1,63914288,63913885,63915619,63915153,3048,40,358
0,-0.128418,18,358.374023
1,63913879,63914292,63915212,63915567,3059,41,358
0,-0.039062,32,358.308105
1,63914311,63914364,63915652,63915646,3076,42,358
0,-0.213379,31,358.330078
1,63913902,63914282,63915222,63915535,3017,43,358
0,-0.420898,18,358.395996
1,63914122,63914051,63915453,63915318,3047,44,358
0,0.062012,34,358.352051
1,63914042,63914133,63915371,63915406,3051,45,358
0,-0.192871,23,358.330078
1,63914083,63914081,63915423,63915353,3063,46,358
0,-0.220215,18,358.352051
1,63913922,63914256,63915248,63915528,3047,47,358
0,-0.237793,28,358.374023
1,63913955,63914227,63915277,63915481,3021,48,358
0,-0.224121,19,358.395996
1,63914286,63913896,63915608,63915169,3043,49,358
0,-0.077637,23,358.308105
1,63914241,63913932,63915572,63915208,3057,50,358
0,-0.285645,19,358.395996
1,63913964,63914205,63915299,63915474,3054,51,358
0,-0.301270,17,358.352051
1,63913977,63914215,63915289,63915479,3021,52,358
0,-0.092285,15,358.374023
1,63913950,63914230,63915274,63915497,3039,53,358
0,-0.041992,28,358.374023
1,63914365,63914312,63915704,63915583,3061,54,358
0,-0.185059,24,358.395996
1,63914289,63913883,63915621,63915165,3066,55,358
0,-0.387695,35,358.352051
1,63914046,63914125,63915379,63915402,3061,56,358
0,-0.231934,22,358.330078
1,63914301,63914372,63915644,63915654,3078,57,358
0,-0.496094,21,358.417969
1,63914153,63914006,63915498,63915284,3076,58,358
0,-0.328613,18,358.417969
1,63913965,63914214,63915290,63915482,3041,59,358
0,-0.112793,22,358.374023
1,63913876,63914300,63915204,63915573,3050,60,358
0,-0.196777,33,358.264160
1,63914217,63913955,63915549,63915237,3066,61,358
0,-0.222168,34,358.439941
1,63913978,63914202,63915302,63915469,3039,62,358
0,-0.401367,18,358.439941
1,63913886,63914290,63915214,63915563,3050,63,358
0,-0.108887,31,358.395996
1,63914261,63913909,63915595,63915198,3076,64,358
0,-0.386719,35,358.352051
1,63914186,63913989,63915515,63915258,3047,65,358
0,-0.127441,26,358.374023
1,63914135,63914041,63915463,63915313,3049,66,358
0,-0.011719,29,358.308105
1,63914087,63914075,63915429,63915354,3074,67,358
0,-0.251465,22,358.374023
1,63913981,63914185,63915319,63915474,3081,68,358
0,-0.354004,30,358.374023
1,63913991,63914177,63915327,63915456,3067,69,358
0,-0.197754,26,358.461914
1,63914283,63913909,63915595,63915176,3024,70,358
0,-0.466797,22,358.330078
1,63914279,63913907,63915597,63915183,3042,71,358
0,-0.125488,34,358.374023
1,63914176,63914004,63915500,63915270,3037,72,358
0,-0.456055,30,358.374023
1,63913912,63914255,63915249,63915531,3064,73,358
0,-0.397461,17,358.417969
1,63914198,63913992,63915512,63915272,3042,74,358
0,-0.209473,8,358.374023
1,63913923,63914246,63915258,63915524,3064,75,358
0,-0.257324,23,358.352051
1,63914174,63913996,63915508,63915275,3064,76,358
0,-0.509766,26,358.352051
1,63913874,63914293,63915211,63915572,3068,77,358
0,-0.185059,24,358.308105
1,63914247,63913924,63915580,63915206,3067,78,358
0,-0.222168,30,358.374023
1,63914173,63913991,63915513,63915276,3078,79,358
0,-0.089355,11,358.439941
1,63913938,63914234,63915270,63915516,3066,80,358
0,-0.046875,19,358.395996
1,63914302,63914385,63915631,63915661,3055,81,358
0,-0.577148,22,358.352051
1,63914106,63914050,63915454,63915347,3102,82,358
0,-0.089355,15,358.417969
1,63913887,63914296,63915208,63915564,3036,83,358
0,-0.170410,26,358.374023
1,63914038,63914143,63915361,63915415,3043,84,358
0,-0.332520,15,358.395996
1,63914225,63913972,63915532,63915233,3012,85,358
0,-0.231934,25,358.374023
1,63913889,63914297,63915207,63915562,3029,86,358
0,-0.112793,29,358.286133
1,63914156,63914018,63915486,63915289,3050,87,358
0,-0.027344,21,358.352051
1,63914123,63914041,63915463,63915322,3074,88,358
0,-0.062012,21,358.308105
1,63913924,63914245,63915259,63915520,3061,89,358
0,-0.150879,21,358.308105
1,63914117,63914038,63915466,63915319,3084,90,358
0,-0.224121,27,358.264160
1,63914025,63914164,63915340,63915429,3026,91,358
0,-0.339355,24,358.374023
1,63914377,63914305,63915711,63915584,3064,92,358
0,-0.293457,23,358.417969
1,63914016,63914163,63915341,63915436,3047,93,358
0,-0.035156,27,358.374023
1,63913962,63914220,63915284,63915486,3035,94,358
0,-0.111816,22,358.417969
1,63914111,63914050,63915454,63915329,3075,95,358
0,-0.267090,19,358.352051
1,63913893,63914286,63915218,63915558,3046,96,358
0,-0.093262,25,358.374023
1,63914114,63914046,63915458,63915321,3071,97,358
0,-0.186035,26,358.374023
1,63914014,63914172,63915332,63915440,3033,98,358
0,-0.353027,32,358.330078
1,63914172,63913997,63915507,63915267,3055,99,358
0,-0.192871,26,358.395996
1,63914338,63914358,63915658,63915628,3037,100,358
0,-0.208496,29,358.352051
1,63914150,63914030,63915474,63915299,3041,101,358
0,-0.251465,35,358.352051
1,63913936,63914237,63915267,63915502,3044,102,358
0,-0.340332,24,358.374023
1,63914350,63914330,63915686,63915617,3076,103,358
0,-0.089355,27,358.286133
1,63914175,63914008,63915496,63915267,3026,104,358
0,-0.408203,22,358.330078
1,63914298,63914377,63915639,63915666,3084,105,358
0,-0.154785,15,358.264160
1,63914072,63914100,63915404,63915377,3060,106,358
0,-0.155762,27,358.417969
1,63914384,63914299,63915717,63915574,3059,107,358
0,-0.181152,31,358.352051
1,63914176,63914012,63915492,63915275,3024,108,358
0,-0.421875,22,358.461914
1,63913926,63914248,63915256,63915524,3056,109,358
0,-0.285645,26,358.308105
1,63914270,63913906,63915598,63915170,3040,110,358
0,-0.389648,21,358.308105
1,63914102,63914069,63915435,63915359,3076,111,358
0,-0.317871,33,358.439941
1,63913960,63914224,63915280,63915485,3027,112,358
0,-0.177246,21,358.352051
1,63914376,63914295,63915721,63915579,3083,113,358
0,-0.035156,29,358.395996
1,63914240,63913920,63915584,63915203,3081,114,358
0,-0.332520,18,358.395996
1,63914006,63914160,63915344,63915438,3068,115,358
0,-0.069824,29,358.461914
1,63914282,63913894,63915610,63915176,3061,116,358
0,-0.073730,25,358.330078
1,63914046,63914117,63915387,63915405,3083,117,358
0,-0.233887,20,358.374023
1,63914305,63914368,63915648,63915665,3096,118,358
0,-0.480469,25,358.308105
1,63914031,63914148,63915356,63915423,3049,119,358
0,-0.010742,21,358.439941
1,63914277,63913901,63915603,63915188,3064,120,358
0,-0.152832,42,358.417969
1,63914236,63913939,63915565,63915210,3049,121,358
0,-0.470703,19,358.352051
1,63914049,63914128,63915376,63915403,3051,122,358
0,-0.356934,35,358.352051
1,63914291,63913876,63915628,63915161,3075,123,358
0,-0.112793,16,358.395996
1,63914049,63914120,63915384,63915397,3063,124,358
0,-0.435547,29,358.439941
1,63914274,63913906,63915598,63915185,3053,125,358
0,-0.031250,23,358.461914
1,63914160,63914017,63915487,63915301,3062,126,358
0,-0.179199,34,358.395996
1,63913982,63914178,63915326,63915453,3071,127,358
0,-0.285645,13,358.352051
1,63914193,63913973,63915531,63915263,3082,128,358
0,-0.361816,44,358.483887
1,63913909,63914277,63915227,63915536,3022,129,358
0,-0.265137,34,358.308105
1,63913975,63914204,63915300,63915478,3048,130,358
0,-0.334473,31,358.395996
1,63914167,63914009,63915495,63915278,3046,131,358
0,-0.498047,26,358.286133
1,63914377,63914296,63915720,63915579,3080,132,358
0,-0.104004,23,358.308105
1,63914270,63913915,63915589,63915197,3050,133,358
0,-0.182129,18,358.374023
1,63913990,63914176,63915328,63915462,3077,134,358
0,-0.349121,25,358.374023
1,63914073,63914100,63915404,63915378,3060,135,358
0,-0.042969,34,358.264160
1,63914369,63914302,63915714,63915593,3091,136,358
0,-0.398438,21,358.395996
1,63914142,63914029,63915475,63915308,3063,137,358
0,-0.127441,23,358.352051
1,63914295,63914383,63915633,63915681,3091,138,358
0,-0.299316,32,358.374023
1,63914030,63914164,63915340,63915421,3010,139,358
0,-0.188965,24,358.352051
1,63914304,63914366,63915650,63915653,3088,140,358
0,-0.255371,20,358.308105
1,63914168,63914011,63915493,63915275,3036,141,358
0,-0.507812,15,358.374023
1,63913885,63914290,63915214,63915579,3070,142,358
0,-0.261230,47,358.352051
1,63914263,63913916,63915588,63915198,3057,143,358
0,-0.343262,35,358.439941
1,63913897,63914274,63915230,63915554,3064,144,358
0,-0.042969,25,358.352051
1,63914179,63913989,63915515,63915263,3061,145,358
0,-0.432617,22,358.374023
1,63913919,63914244,63915260,63915528,3078,146,358
0,-0.253418,22,358.308105
1,63914233,63913945,63915559,63915220,3050,147,358
0,0.015625,20,358.352051
1,63913971,63914216,63915288,63915477,3023,148,358
0,-0.085449,21,358.395996
1,63914177,63913994,63915510,63915263,3051,149,358
0,-0.458984,22,358.395996
1,63914050,63914119,63915385,63915401,3069,150,358
0,-0.428711,23,358.352051
1,63913944,63914240,63915264,63915511,3039,151,358
0,-0.236816,23,358.374023
1,63914178,63913997,63915507,63915266,3047,152,358
0,-0.375488,24,358.352051
1,63914371,63914303,63915713,63915579,3070,153,358
0,-0.003906,32,358.395996
1,63913990,63914189,63915315,63915464,3049,154,358
0,-0.513672,37,358.395996
1,63914314,63914369,63915647,63915650,3066,155,358
0,-0.338379,45,358.417969
1,63914048,63914114,63915390,63915396,3077,156,358
0,-0.186035,23,358.439941
1,63914046,63914129,63915375,63915400,3049,157,358
0,-0.515625,18,358.417969
1,63913886,63914282,63915222,63915546,3049,158,358
0,-0.289551,19,358.308105
1,63914198,63913982,63915522,63915260,3051,159,358
0,-0.065918,29,358.374023
1,63914115,63914066,63915438,63915331,3035,160,358
0,-0.401367,25,358.330078
1,63914016,63914167,63915337,63915442,3044,161,358
0,-0.154785,26,358.417969
1,63914377,63914312,63915704,63915582,3046,162,358
0,0.065918,25,358.352051
1,63914174,63913992,63915512,63915273,3071,163,358
0,-0.061035,10,358.374023
1,63913875,63914300,63915204,63915573,3051,164,358
0,0.000000,32,358.439941
1,63914098,63914065,63915439,63915352,3082,165,358
0,-0.417969,29,358.439941
1,63914091,63914090,63915414,63915369,3051,166,358
0,-0.155762,34,358.439941
1,63913983,63914199,63915305,63915474,3046,167,358
0,-0.464844,25,358.439941
1,63914219,63913971,63915533,63915241,3030,168,358
0,-0.046875,27,358.308105
1,63914198,63913977,63915527,63915249,3050,169,358
0,-0.019531,28,358.352051
1,63914176,63913988,63915516,63915266,3070,170,358
0,-0.425781,25,358.374023
1,63913965,63914219,63915285,63915483,3030,171,358
0,-0.169434,20,358.330078
1,63914356,63914318,63915698,63915604,3082,172,358
0,-0.115723,19,358.505859
1,63914131,63914033,63915471,63915302,3060,173,358
0,0.039062,29,358.395996
1,63913989,63914177,63915327,63915453,3066,174,358
0,-0.328613,26,358.352051
1,63913898,63914287,63915217,63915543,3020,175,358
0,-0.170410,17,358.330078
1,63914256,63913910,63915594,63915184,3063,176,358
0,0.039062,31,358.439941
1,63913938,63914236,63915268,63915504,3047,177,358
0,-0.139160,28,358.439941
1,63914241,63913930,63915574,63915201,3054,178,358
0,-0.328613,23,358.264160
1,63914034,63914137,63915367,63915426,3075,179,358
0,-0.205566,32,358.352051
1,63914342,63914342,63915674,63915623,3064,180,358
0,0.039062,29,358.417969
1,63914254,63913916,63915588,63915200,3070,181,358
0,-0.348145,17,358.352051
1,63914148,63914037,63915467,63915307,3036,182,358
0,-0.097168,25,358.352051
1,63913931,63914243,63915261,63915519,3056,183,358
0,-0.112793,26,358.417969
1,63914177,63913999,63915505,63915271,3049,184,358
0,-0.263184,8,358.352051
1,63914185,63913981,63915523,63915252,3060,185,358
0,-0.208496,25,358.330078
1,63914135,63914036,63915468,63915300,3046,186,358
0,-0.316895,24,358.395996
1,63913987,63914191,63915313,63915460,3043,187,358
0,-0.544922,26,358.308105
1,63913912,63914265,63915239,63915534,3044,188,358
0,-0.309082,10,358.374023
1,63914048,63914120,63915384,63915399,3067,189,358
0,-0.185059,22,358.242188
1,63914353,63914343,63915673,63915608,3032,190,358
0,-0.066895,24,358.352051
1,63913983,63914190,63915314,63915477,3070,191,358
0,-0.357910,28,358.286133
1,63914308,63914371,63915645,63915647,3064,192,358
0,-0.375488,17,358.330078
1,63914168,63914014,63915490,63915275,3029,193,358
0,-0.251465,25,358.417969
1,63913998,63914172,63915332,63915447,3060,194,358
0,-0.194824,31,358.374023
1,63914315,63914362,63915654,63915643,3073,195,358
0,-0.065918,30,358.308105
1,63914098,63914064,63915440,63915348,3080,196,358
0,-0.069824,19,358.439941
1,63914297,63914370,63915646,63915666,3102,197,358
0,-0.301270,18,358.352051
1,63914130,63914037,63915467,63915313,3064,198,358
0,-0.243652,27,358.330078
1,63913921,63914240,63915264,63915525,3082,199,358
0,-0.116699,21,358.374023
1,63914109,63914062,63915442,63915343,3066,200,358
0,-0.509766,26,358.374023
1,63913947,63914217,63915287,63915501,3077,201,358
0,-0.350098,36,358.395996
1,63914231,63913939,63915565,63915210,3055,202,358
0,-0.404297,19,358.417969
1,63914357,63914316,63915700,63915605,3087,203,358
0,0.023438,17,358.330078
1,63914191,63913987,63915517,63915254,3041,204,358
0,-0.119629,27,358.461914
1,63914298,63913875,63915629,63915144,3049,205,358
0,-0.344238,19,358.395996
1,63914034,63914123,63915381,63915418,3098,206,358
0,-0.334473,28,358.374023
1,63914177,63913995,63915509,63915262,3048,207,358
0,-0.297363,19,358.374023
1,63913976,63914208,63915296,63915477,3036,208,358
0,-0.146973,22,358.374023
1,63914215,63913970,63915534,63915245,3042,209,358
0,-0.132324,24,358.330078
1,63913985,63914187,63915317,63915463,3059,210,358
0,-0.247559,11,358.439941
1,63914250,63913917,63915587,63915202,3075,211,358
0,-0.359863,22,358.330078
1,63914046,63914117,63915387,63915396,3073,212,358
0,-0.348145,25,358.395996
1,63914245,63913916,63915588,63915193,3073,213,358
0,-0.107910,25,358.374023
1,63914167,63914007,63915497,63915282,3055,214,358
0,-0.148926,22,358.308105
1,63913907,63914276,63915228,63915543,3035,215,358
0,-0.108887,21,358.330078
1,63914241,63913928,63915576,63915213,3073,216,358
0,-0.218262,24,358.417969
1,63914053,63914104,63915400,63915393,3091,217,358
0,-0.097168,27,358.308105
1,63914352,63914329,63915687,63915602,3059,218,358
0,-0.235840,17,358.330078
1,63914124,63914047,63915457,63915321,3057,219,358
0,-0.015625,33,358.417969
1,63914339,63914354,63915662,63915611,3026,220,358
0,-0.204590,20,358.308105
1,63913993,63914177,63915327,63915461,3070,221,358
0,-0.260254,22,358.308105
1,63914203,63913979,63915525,63915254,3046,222,358
0,-0.224121,28,358.330078
1,63914297,63913875,63915629,63915149,3056,223,358
0,-0.515625,19,358.308105
1,63914133,63914040,63915464,63915311,3051,224,358
0,-0.109863,41,358.395996
1,63913952,63914226,63915278,63915491,3039,225,358
0,-0.124512,23,358.352051
1,63914229,63913937,63915567,63915213,3066,226,358
0,-0.393555,19,358.374023
1,63914068,63914090,63915414,63915365,3074,227,358
0,-0.085449,26,358.308105
1,63914199,63913979,63915525,63915253,3049,228,358
0,-0.192871,21,358.286133
1,63914175,63914002,63915502,63915273,3047,229,358
0,-0.375488,21,358.374023
1,63914019,63914159,63915345,63915444,3062,230,358
0,-0.089355,34,358.286133
1,63914314,63914367,63915649,63915649,3069,231,358
0,-0.320801,25,358.395996
1,63913991,63914185,63915319,63915449,3040,232,358
0,-0.119629,28,358.395996
1,63914190,63913980,63915524,63915257,3062,233,358
0,-0.065918,28,358.308105
1,63913893,63914284,63915220,63915561,3054,234,358
0,-0.198730,32,358.395996
1,63914049,63914111,63915393,63915391,3077,235,358
0,-0.479492,12,358.308105
1,63914167,63914016,63915488,63915279,3030,236,358
0,-0.042969,14,358.439941
1,63914253,63913918,63915586,63915199,3066,237,358
0,-0.190918,32,358.395996
1,63914122,63914037,63915467,63915320,3082,238,358
0,0.042969,30,358.417969
1,63914048,63914127,63915377,63915393,3043,239,358
0,-0.435547,26,358.395996
1,63914027,63914163,63915341,63915427,3023,240,358
0,-0.108887,23,358.374023
1,63913885,63914294,63915210,63915566,3046,241,358
0,-0.346191,34,358.374023
1,63914101,63914060,63915444,63915356,3095,242,358
0,-0.445312,32,358.395996
1,63914186,63913980,63915524,63915261,3071,243,358
0,-0.035156,27,358.395996
1,63914380,63914305,63915711,63915582,3059,244,358
0,-0.139160,35,358.417969
1,63914069,63914113,63915391,63915390,3048,245,358
0,-0.181152,40,358.374023
1,63914319,63914364,63915652,63915642,3062,246,358
0,-0.096191,31,358.330078
1,63914066,63914107,63915397,63915388,3063,247,358
0,-0.225098,33,358.330078
1,63914309,63914373,63915643,63915659,3073,248,358
0,-0.011719,11,358.374023
1,63914036,63914151,63915353,63915430,3044,249,358
0,0.007812,28,358.395996
1,63914300,63914377,63915639,63915670,3087,250,358
0,-0.365723,28,358.308105
1,63914165,63914000,63915504,63915281,3073,251,358
0,0.023438,16,358.374023
1,63914250,63913912,63915592,63915194,3077,252,358
0,-0.235840,21,358.417969
1,63914360,63914327,63915689,63915596,3047,253,358
0,-0.550781,16,358.308105
1,63914250,63913917,63915587,63915209,3083,254,358
0,-0.279785,26,358.417969
1,63914082,63914097,63915407,63915367,3043,255,358
0,-0.212402,24,358.395996
1,63914351,63914335,63915681,63915606,3050,256,358
0,-0.259277,26,358.352051
1,63914112,63914059,63915445,63915329,3053,257,358
0,-0.285645,26,358.286133
1,63914365,63914311,63915705,63915592,3074,258,358
0,-0.263184,20,358.374023
1,63914169,63914025,63915479,63915280,3008,259,358
0,-0.547852,21,358.374023
1,63913925,63914237,63915267,63915519,3077,260,358
0,-0.334473,35,358.395996
1,63914060,63914110,63915394,63915393,3069,261,358
0,-0.069824,30,358.374023
1,63913995,63914174,63915330,63915455,3068,262,358
0,-0.282715,27,358.264160
1,63914237,63913942,63915562,63915207,3037,263,358
0,-0.320801,25,358.352051
1,63914111,63914047,63915457,63915323,3075,264,358
0,-0.143066,23,358.352051
1,63914262,63913923,63915581,63915200,3044,265,358
0,-0.294434,24,358.374023
1,63914281,63913902,63915602,63915182,3050,266,358
0,-0.098145,38,358.330078
1,63914128,63914049,63915455,63915329,3057,267,358
0,-0.136230,26,358.461914
1,63914262,63913914,63915590,63915191,3055,268,358
0,-0.252441,36,358.374023
1,63914055,63914113,63915391,63915394,3069,269,358
0,-0.354980,17,358.330078
1,63914012,63914171,63915333,63915435,3032,270,358
0,-0.081543,28,358.286133
1,63914221,63913973,63915531,63915237,3019,271,358
0,-0.204590,25,358.439941
1,63914065,63914101,63915403,63915390,3081,272,358
0,-0.218262,37,358.352051
1,63913906,63914263,63915241,63915533,3055,273,358
0,-0.243652,22,358.395996
1,63914355,63914333,63915683,63915612,3057,274,358
0,0.011719,23,358.352051
1,63914280,63913897,63915607,63915179,3060,275,358
0,-0.100098,27,358.483887
1,63914285,63913901,63915603,63915163,3026,276,358
0,-0.116699,18,358.395996
1,63914047,63914123,63915381,63915389,3049,277,358
0,-0.078613,34,358.286133
1,63914183,63913985,63915519,63915257,3059,278,358
0,-0.072754,25,358.352051
1,63914369,63914301,63915715,63915579,3077,279,358
0,0.104980,32,358.330078
1,63914074,63914104,63915400,63915361,3029,280,358
0,-0.154785,23,358.352051
1,63914186,63913987,63915517,63915254,3047,281,358
0,-0.267090,26,358.308105
1,63914301,63914383,63915633,63915654,3053,282,358
0,-0.297363,24,358.308105
1,63914000,63914172,63915332,63915454,3066,283,358
0,-0.112793,24,358.330078
1,63914178,63913993,63915511,63915262,3051,284,358
0,-0.255371,24,358.308105
1,63914025,63914161,63915343,63915427,3030,285,358
0,-0.124512,26,358.439941
1,63913984,63914187,63915317,63915473,3071,286,358
0,-0.140137,18,358.308105
1,63914203,63913979,63915525,63915249,3040,287,358
0,-0.210449,31,358.242188
1,63913923,63914261,63915243,63915528,3034,288,358
0,-0.427734,24,358.439941
1,63914240,63913921,63915583,63915214,3091,289,358
0,-0.135254,11,358.308105
1,63914017,63914168,63915336,63915443,3042,290,358
0,-0.245605,37,358.308105
1,63913968,63914229,63915275,63915481,3001,291,358
0,-0.259277,21,358.417969
1,63914355,63914327,63915689,63915612,3071,292,358
0,-0.104980,25,358.395996
1,63914177,63913989,63915515,63915266,3067,293,358
0,-0.436523,25,358.461914
1,63914379,63914304,63915712,63915583,3063,294,358
0,-0.357910,29,358.374023
1,63914147,63914024,63915480,63915282,3039,295,358
0,-0.188965,15,358.308105
1,63914092,63914092,63915412,63915351,3024,296,358
0,-0.108887,21,358.374023
1,63913982,63914188,63915316,63915462,3059,297,358
0,-0.231934,23,358.286133
1,63914298,63913875,63915629,63915148,3054,298,358
0,-0.251465,10,358.417969
1,63914283,63913904,63915600,63915171,3030,299,358
0,-0.205566,25,358.374023
1,63914014,63914166,63915338,63915441,3048,300,358
0,-0.023438,29,358.374023
1,63914291,63913885,63915619,63915155,3047,301,358
0,-0.335449,19,358.264160
1,63913888,63914294,63915210,63915565,3041,302,358
0,-0.336426,25,358.198242
1,63914042,63914119,63915385,63915415,3095,303,358
0,-0.509766,25,358.352051
1,63914333,63914356,63915660,63915640,3062,304,358
0,-0.045898,21,358.374023
1,63914001,63914168,63915336,63915452,3071,305,358
0,0.007812,27,358.439941
1,63914375,63914302,63915714,63915580,3069,306,358
0,-0.115723,29,358.352051
1,63914037,63914124,63915380,63915411,3084,307,358
0,-0.560547,32,358.352051
1,63914294,63913892,63915612,63915159,3032,308,358
0,-0.309082,20,358.352051
1,63914107,63914069,63915435,63915344,3053,309,358
0,-0.281738,29,358.308105
1,63914250,63913926,63915578,63915196,3047,310,358
0,-0.128418,27,358.242188
1,63914053,63914112,63915392,63915401,3082,311,358
0,-0.318848,27,358.374023
1,63913904,63914269,63915235,63915537,3048,312,358
0,-0.235840,21,358.461914
1,63914159,63914023,63915481,63915280,3024,313,358
0,-0.337402,22,358.308105
1,63913903,63914287,63915217,63915547,3019,314,358
0,-0.139160,22,358.417969
1,63914071,63914103,63915401,63915374,3050,315,358
0,-0.310059,33,358.286133
1,63914033,63914152,63915352,63915434,3050,316,358
0,-0.077637,35,358.374023
1,63914338,63914343,63915673,63915621,3064,317,358
0,-0.089355,27,358.330078
1,63914054,63914103,63915401,63915390,3089,318,358
0,-0.169434,14,358.352051
1,63914166,63914015,63915489,63915289,3046,319,358
0,-0.116699,16,358.374023
1,63914303,63914367,63915649,63915650,3083,320,358
0,-0.547852,26,358.395996
1,63913940,63914235,63915269,63915500,3042,321,358
0,-0.169434,26,358.417969
1,63914273,63913915,63915589,63915192,3041,322,358
0,-0.472656,33,358.308105
1,63913913,63914253,63915251,63915536,3074,323,358
0,-0.131348,12,358.395996
1,63914236,63913945,63915559,63915215,3041,324,358
0,-0.368652,21,358.417969
1,63913994,63914173,63915331,63915451,3067,325,358
0,-0.340332,28,358.374023
1,63914216,63913967,63915537,63915226,3026,326,358
0,-0.140137,20,358.330078
1,63913895,63914298,63915206,63915560,3017,327,358
0,-0.089355,26,358.374023
1,63914164,63914021,63915483,63915282,3026,328,358
0,-0.453125,31,358.374023
1,63914378,63914306,63915710,63915588,3066,329,358
0,-0.330566,44,358.374023
1,63914231,63913933,63915571,63915212,3071,330,358
0,-0.359863,28,358.417969
1,63914345,63914348,63915668,63915623,3047,331,358
0,-0.085449,28,358.286133
1,63914039,63914122,63915382,63915410,3085,332,358
0,-0.111816,13,358.439941
1,63914266,63913911,63915593,63915186,3051,333,358
0,-0.097168,25,358.439941
1,63914044,63914118,63915386,63915397,3074,334,358
0,-0.416016,21,358.330078
1,63914181,63913979,63915525,63915267,3087,335,358
0,-0.438477,34,358.286133
1,63914304,63914368,63915648,63915657,3088,336,358
0,-0.279785,35,358.374023
1,63913905,63914271,63915233,63915535,3040,337,358
0,-0.224121,20,358.395996
1,63914182,63913991,63915513,63915266,3056,338,358
0,-0.505859,41,358.395996
1,63913929,63914242,63915262,63915511,3051,339,358
0,-0.221191,33,358.417969
1,63914123,63914045,63915459,63915324,3067,340,358
0,-0.361816,28,358.352051
1,63913899,63914295,63915209,63915558,3017,341,358
0,-0.030273,26,358.395996
1,63913966,63914203,63915301,63915481,3064,342,358
0,-0.101074,19,358.374023
1,63914288,63913905,63915599,63915165,3015,343,358
0,-0.127441,19,358.220215
1,63913909,63914263,63915241,63915530,3048,344,358
0,-0.363770,18,358.352051
1,63914233,63913953,63915551,63915214,3024,345,358
0,-0.366699,16,358.308105
1,63914241,63913925,63915579,63915211,3077,346,358
0,-0.127441,9,358.439941
1,63913998,63914175,63915329,63915443,3048,347,358
0,-0.200684,27,358.352051
1,63914201,63913977,63915527,63915258,3057,348,358
0,-0.392578,28,358.417969
1,63913920,63914254,63915250,63915526,3051,349,358
0,-0.444336,26,358.439941
1,63914049,63914114,63915390,63915400,3081,350,358
0,-0.453125,33,358.395996
1,63913919,63914241,63915263,63915523,3080,351,358
0,-0.396484,22,358.286133
1,63914234,63913955,63915549,63915219,3024,352,358
0,-0.245605,27,358.417969
1,63913919,63914259,63915245,63915524,3039,353,358
0,-0.293457,19,358.417969
1,63914350,63914322,63915694,63915606,3082,354,358
0,-0.212402,20,358.417969
1,63913983,63914176,63915328,63915468,3093,355,358
0,-0.501953,34,358.374023
1,63914049,63914113,63915391,63915394,3076,356,358
0,-0.340332,28,358.417969
1,63914367,63914309,63915707,63915593,3077,357,358
0,-0.424805,28,358.308105
1,63914082,63914100,63915404,63915373,3043,358,358
0,-0.208496,27,358.330078
1,63913924,63914245,63915259,63915528,3070,359,358
0,-0.311035,28,358.439941
1,63913960,63914225,63915279,63915502,3044,360,358
0,0.007812,30,358.352051
1,63914233,63913934,63915570,63915210,3064,361,358
0,-0.173340,12,358.417969
1,63914044,63914126,63915378,63915401,3060,362,358
0,-0.267090,21,358.417969
1,63914276,63913907,63915597,63915188,3051,363,358
0,-0.324707,32,358.286133
1,63913994,63914183,63915321,63915465,3060,364,358
0,-0.411133,36,358.439941
1,63914360,63914325,63915691,63915599,3055,365,358
0,-0.501953,24,358.308105
1,63914162,63914019,63915485,63915279,3029,366,358
0,-0.304199,11,358.417969
1,63914247,63913916,63915588,63915197,3075,367,358
0,-0.080566,19,358.308105
1,63913899,63914284,63915220,63915542,3024,368,358
0,-0.062012,18,358.352051
1,63914225,63913958,63915546,63915238,3050,369,358
0,-0.261230,32,358.352051
1,63913908,63914268,63915236,63915533,3041,370,358
0,-0.435547,18,358.374023
1,63914272,63913910,63915594,63915199,3062,371,358
0,-0.350098,35,358.374023
1,63913996,63914172,63915332,63915458,3075,372,358
0,-0.241699,35,358.308105
1,63914363,63914315,63915701,63915593,3068,373,358
0,-0.225098,20,358.330078
1,63914069,63914101,63915403,63915374,3057,374,358
0,-0.259277,28,358.308105
1,63914306,63914373,63915643,63915653,3069,375,358
0,-0.332520,20,358.308105
1,63913993,63914179,63915325,63915451,3054,376,358
0,-0.062012,25,358.374023
1,63914091,63914089,63915415,63915357,3040,377,358
0,-0.046875,27,358.308105
1,63914350,63914346,63915670,63915603,3022,378,358
0,-0.136230,17,358.439941
1,63914125,63914043,63915461,63915316,3060,379,358
0,-0.007812,32,358.374023
1,63913963,63914225,63915279,63915489,3026,380,358
0,-0.251465,24,358.439941
1,63914303,63913876,63915628,63915143,3040,381,358
0,-0.362793,23,358.417969
1,63914107,63914059,63915445,63915329,3059,382,358
0,-0.370605,24,358.308105
1,63914205,63913975,63915529,63915239,3035,383,358
0,-0.285645,24,358.374023
1,63914074,63914101,63915403,63915369,3046,384,358
0,-0.061035,29,358.352051
1,63914305,63914371,63915645,63915656,3078,385,358
0,-0.523438,11,358.395996
1,63914104,63914060,63915444,63915350,3084,386,358
0,-0.123535,21,358.330078
1,63914297,63913883,63915621,63915149,3037,387,358
0,-0.169434,10,358.395996
1,63914165,63914029,63915475,63915296,3022,388,358
0,-0.061035,23,358.374023
1,63913917,63914257,63915247,63915525,3047,389,358
0,-0.220215,12,358.439941
1,63914218,63913967,63915537,63915233,3032,390,358
0,-0.196777,25,358.395996
1,63913961,63914230,63915274,63915511,3042,391,358
0,-0.226074,48,358.352051
1,63914310,63914362,63915654,63915650,3087,392,358
0,-0.367676,13,358.395996
1,63913985,63914182,63915322,63915460,3067,393,358
0,-0.417969,37,358.395996
1,63914175,63914012,63915492,63915273,3023,394,358
0,-0.231934,22,358.439941
1,63914349,63914342,63915674,63915603,3033,395,358
0,-0.201660,14,358.374023
1,63913980,63914191,63915313,63915462,3054,396,358
0,-0.340332,24,358.264160
1,63913904,63914271,63915233,63915538,3044,397,358
0,-0.101074,16,358.330078
1,63914254,63913912,63915592,63915202,3082,398,358
0,-0.406250,44,358.374023
1,63914094,63914086,63915418,63915354,3040,399,358
0,0.007812,20,358.352051
1,63914366,63914305,63915711,63915591,3085,400,358
0,-0.182129,22,358.352051
1,63914091,63914085,63915419,63915364,3057,401,358
0,0.000000,26,358.439941
1,63913933,63914243,63915261,63915520,3055,402,358
0,-0.509766,28,358.308105
1,63914003,63914170,63915334,63915445,3056,403,358
0,-0.285645,33,358.308105
1,63913950,63914233,63915271,63915508,3044,404,358
0,-0.178223,27,358.308105
1,63914167,63914020,63915484,63915288,3032,405,358
0,-0.192871,15,358.374023
1,63914247,63913923,63915581,63915202,3064,406,358
0,-0.305176,12,358.417969
1,63914025,63914160,63915344,63915427,3033,407,358
0,-0.204590,25,358.374023
1,63914325,63914371,63915645,63915645,3042,408,358
0,-0.198730,38,358.330078
1,63914001,63914175,63915329,63915447,3049,409,358
0,-0.108887,23,358.374023
1,63914295,63914380,63915636,63915667,3082,410,358
0,-0.235840,15,358.330078
1,63914001,63914171,63915333,63915446,3057,411,358
0,-0.188965,28,358.461914
1,63913922,63914243,63915261,63915526,3075,412,358
0,-0.398438,36,358.352051
1,63914362,63914306,63915710,63915596,3094,413,358
0,-0.096191,10,358.352051
1,63914130,63914039,63915465,63915314,3061,414,358
0,-0.023438,27,358.286133
1,63914365,63914312,63915704,63915587,3066,415,358
0,-0.413086,23,358.286133
1,63914137,63914040,63915464,63915308,3043,416,358
0,-0.357910,37,358.395996
1,63913963,63914209,63915295,63915491,3066,417,358
0,-0.185059,26,358.330078
1,63914334,63914362,63915654,63915633,3039,418,358
0,-0.042969,28,358.395996
1,63914142,63914028,63915476,63915290,3044,419,358
0,-0.131348,18,358.374023
1,63913875,63914293,63915211,63915576,3071,420,358
0,-0.108887,34,358.330078
1,63914229,63913956,63915548,63915226,3036,421,358
0,-0.170410,20,358.417969
1,63914047,63914134,63915370,63915412,3050,422,358
0,-0.387695,28,358.439941
1,63914161,63914037,63915467,63915300,3013,423,358
0,-0.119629,25,358.417969
1,63914089,63914083,63915421,63915363,3063,424,358
0,-0.085449,26,358.308105
1,63913928,63914249,63915255,63915522,3049,425,358
0,-0.072754,27,358.352051
1,63914371,63914312,63915704,63915587,3059,426,358
0,-0.393555,34,358.220215
1,63914110,63914049,63915455,63915332,3082,427,358
0,-0.243652,26,358.417969
1,63914338,63914344,63915672,63915610,3049,428,358
0,-0.305176,18,358.439941
1,63914238,63913943,63915561,63915209,3036,429,358
0,-0.297363,21,358.352051
1,63914364,63914309,63915707,63915594,3082,430,358
0,-0.414062,28,358.374023
1,63914060,63914114,63915390,63915396,3063,431,358
0,-0.564453,28,358.286133
1,63913896,63914273,63915231,63915533,3043,432,358
0,-0.204590,19,358.395996
1,63914240,63913932,63915572,63915211,3062,433,358
0,-0.390625,37,358.395996
1,63914050,63914116,63915388,63915392,3066,434,358
0,-0.437500,31,358.395996
1,63914380,63914303,63915713,63915572,3051,435,358
0,-0.035156,26,358.352051
1,63914107,63914050,63915454,63915340,3093,436,358
0,-0.356934,29,358.374023
1,63914347,63914336,63915680,63915623,3073,437,358
0,-0.085449,37,358.417969
1,63914219,63913976,63915528,63915239,3016,438,358
0,-0.039062,27,358.352051
1,63914067,63914101,63915403,63915372,3057,439,358
0,-0.019531,30,358.286133
1,63914102,63914065,63915439,63915344,3068,440,358
0,-0.251465,18,358.308105
1,63913921,63914256,63915248,63915524,3043,441,358
0,-0.293457,24,358.395996
1,63914091,63914093,63915411,63915353,3026,442,358
0,-0.089355,23,358.330078
